node,0,tx,-1,1039.83,1152.46,5920,174,0,0,1,0,12.5576
node,15,rx,-1,1017.67,1174.15,5920,176,1,5,1,31.0112,12.5579
node,16,rx,-1,1009.13,1164.71,5920,176,0,6,1,1913.9,12.5579
node,42,rx,-1,994.988,1178.74,5920,176,0,0,1,1933.81,12.5579
node,19,rx,-1,838.504,1351.85,5920,176,0,7,1,283.979,12.5579
node,13,rx,-1,812.428,1344.18,5920,176,0,10,1,858.638,12.5579
node,36,rx,-1,821.377,1368.21,5920,176,0,4,1,307.629,12.5579
node,15,tx,-1,1020.32,1171.56,5920,176,1,3,1,27.3032,13.1708
node,16,rx,-1,1013.83,1160.06,5920,176,0,6,2,1907.29,13.171
node,42,rx,-1,996.735,1177,5920,176,0,2,2,1931.35,13.171
node,19,rx,-1,845.299,1345.12,5920,176,0,9,2,274.417,13.171
node,13,rx,-1,821.133,1335.53,5920,176,0,12,2,846.371,13.171
node,36,rx,-1,826.171,1363.66,5920,176,0,6,2,301.021,13.171
node,13,tx,-1,821.133,1335.53,5920,176,0,12,1,846.371,13.5087
node,19,rx,-1,845.299,1345.12,5920,176,0,9,2,274.417,13.5544
node,36,rx,-1,826.171,1363.66,5920,176,0,6,2,301.021,13.5544
node,42,rx,-1,996.735,1177,5920,176,0,2,2,1931.35,13.5544
node,15,rx,-1,1020.32,1171.56,5920,176,1,3,2,27.3032,13.5544
node,16,rx,-1,1013.83,1160.06,5920,176,0,6,2,1907.29,13.5544
node,36,tx,-1,831.374,1358.71,5920,176,0,7,1,293.846,14.7116
node,19,rx,-1,853.71,1336.79,5920,176,0,11,2,262.581,14.7544
node,13,rx,-1,829.756,1326.97,5920,176,0,12,2,834.221,14.7544
node,42,rx,-1,998.532,1175.22,5920,176,0,2,2,1928.82,14.7544
node,15,rx,-1,1024.61,1167.36,5920,176,1,6,2,21.2951,14.7544
node,16,rx,-1,1019.99,1153.95,5920,176,0,8,2,1898.61,14.7544
node,16,tx,-1,1019.99,1153.95,5920,176,0,8,1,1898.61,14.8682
node,15,rx,-1,1024.61,1167.36,5920,176,1,6,2,21.2951,14.8684
node,42,rx,-1,998.532,1175.22,5920,176,0,2,2,1928.82,14.8684
node,19,rx,-1,853.71,1336.79,5920,176,0,11,2,262.581,14.8684
node,13,rx,-1,829.756,1326.97,5920,176,0,12,2,834.221,14.8684
node,36,rx,-1,831.374,1358.71,5920,176,0,7,2,293.846,14.8684
node,42,tx,-1,998.532,1175.22,5920,176,0,2,1,1928.82,14.934
node,15,rx,-1,1024.61,1167.36,5920,176,1,6,2,21.2951,14.9545
node,16,rx,-1,1019.99,1153.95,5920,176,0,8,2,1898.61,14.9545
node,19,rx,-1,853.71,1336.79,5920,176,0,11,2,262.581,14.9545
node,13,rx,-1,829.756,1326.97,5920,176,0,12,2,834.221,14.9545
node,36,rx,-1,831.374,1358.71,5920,176,0,7,2,293.846,14.9545
node,19,tx,-1,862.645,1327.95,5920,176,0,12,1,250.008,15.27
node,13,rx,-1,838.016,1318.77,5920,176,0,11,2,822.581,15.2702
node,36,rx,-1,837.917,1352.43,5920,176,0,9,2,284.804,15.2702
node,42,rx,-1,1000.78,1173,5920,176,0,3,2,1925.66,15.2702
node,15,rx,-1,1028.15,1163.9,5920,176,1,4,2,16.3495,15.2702
node,16,rx,-1,1027.98,1146.03,5920,176,0,11,2,1887.37,15.2702
