node,0,tx,-1,1042.3,1150.05,6336074,174,0,0,1,0,13.0865
node,30,rx,-1,1023.28,1168.66,6336074,176,1,5,1,26.6082,13.0867
node,38,rx,-1,967.782,1154.89,6336074,176,0,3,1,601.402,13.0867
node,20,rx,-1,845.12,1345.3,6336074,176,0,8,1,278.122,13.0867
node,3,rx,-1,813.351,1343.26,6336074,176,0,10,1,860.792,13.0867
node,43,rx,-1,826.171,1363.66,6336074,176,0,6,1,304.474,13.0867
node,32,rx,-1,797.728,1361.67,6336074,176,0,4,1,886.834,13.0867
node,38,tx,-1,964.358,1151.4,6336074,176,0,4,1,596.508,14.5932
node,26,rx,-1,937.283,1123.76,6336074,176,0,12,2,557.817,14.5934
node,30,rx,-1,1028.67,1163.38,6336074,176,1,7,2,19.0647,14.5934
node,32,tx,-1,805.646,1355.2,6336074,176,0,5,1,876.557,15.0714
node,43,rx,-1,838.568,1351.78,6336074,176,0,8,2,287.341,15.0716
node,3,rx,-1,830.787,1325.95,6336074,176,0,12,2,836.221,15.0716
node,20,rx,-1,861.6,1328.98,6336074,176,0,11,2,254.933,15.0716
node,18,rx,-1,768.89,1416.26,6336074,176,0,10,2,383.03,15.0716
node,11,rx,-1,848.152,1417.58,6336074,176,1,10,2,375.905,15.0716
node,39,rx,-1,870.541,1440.3,6336074,176,1,9,2,407.81,15.0716
node,30,rx,-1,1033.05,1159.1,6336074,176,1,6,2,12.9437,15.0716
node,3,tx,-1,830.787,1325.95,6336074,176,0,12,1,836.221,15.2038
node,43,rx,-1,838.568,1351.78,6336074,176,0,8,2,287.341,15.2545
node,20,rx,-1,861.6,1328.98,6336074,176,0,11,2,254.933,15.2545
node,32,rx,-1,805.646,1355.2,6336074,176,0,5,2,876.557,15.2545
node,18,rx,-1,768.89,1416.26,6336074,176,0,10,2,383.03,15.2545
node,30,rx,-1,1033.05,1159.1,6336074,176,1,6,2,12.9437,15.2545
node,43,tx,-1,838.568,1351.78,6336074,176,0,8,1,287.341,15.3589
node,3,rx,-1,830.787,1325.95,6336074,176,0,12,2,836.221,15.3591
node,20,rx,-1,861.6,1328.98,6336074,176,0,11,2,254.933,15.3591
node,32,rx,-1,805.646,1355.2,6336074,176,0,5,2,876.557,15.3591
node,18,rx,-1,768.89,1416.26,6336074,176,0,10,2,383.03,15.3591
node,30,rx,-1,1033.05,1159.1,6336074,176,1,6,2,12.9437,15.3591
node,20,tx,-1,861.6,1328.98,6336074,176,0,11,1,254.933,15.4487
node,3,rx,-1,830.787,1325.95,6336074,176,0,12,2,836.221,15.4544
node,43,rx,-1,838.568,1351.78,6336074,176,0,8,2,287.341,15.4544
node,32,rx,-1,805.646,1355.2,6336074,176,0,5,2,876.557,15.4544
node,18,rx,-1,768.89,1416.26,6336074,176,0,10,2,383.03,15.4544
node,30,rx,-1,1033.05,1159.1,6336074,176,1,6,2,12.9437,15.4544
node,30,tx,-1,1033.05,1159.1,6336074,176,1,6,1,12.9437,15.6671
node,38,rx,-1,959.455,1146.39,6336074,176,0,7,2,589.503,15.6674
node,20,rx,-1,861.6,1328.98,6336074,176,0,11,2,254.933,15.6674
node,3,rx,-1,830.787,1325.95,6336074,176,0,12,2,836.221,15.6674
node,43,rx,-1,838.568,1351.78,6336074,176,0,8,2,287.341,15.6674
node,32,rx,-1,805.646,1355.2,6336074,176,0,5,2,876.557,15.6674
node,26,tx,-1,920.721,1106.86,6336074,176,0,11,1,534.154,16.2034
node,38,rx,-1,953.224,1140.03,6336074,176,0,8,3,580.598,16.2545
node,11,tx,-1,841.415,1410.45,6336074,176,1,9,1,366.101,16.8766
node,39,rx,-1,863.714,1433.37,6336074,176,1,9,3,398.082,16.8769
node,32,rx,-1,806.915,1349.65,6336074,176,0,6,3,869.86,16.8769
node,45,rx,-1,893.333,1463.57,6336074,176,1,2,3,440.386,16.8769
node,39,tx,-1,856.57,1426.12,6336074,176,1,10,1,387.901,17.2279
node,11,rx,-1,833.029,1402.02,6336074,176,1,11,3,354.214,17.2545
node,45,rx,-1,890.114,1460.27,6336074,176,1,4,3,435.772,17.2545
node,18,tx,-1,796.066,1391.28,6336074,176,0,12,1,345.368,18.0119
node,11,rx,-1,826.378,1395.41,6336074,176,1,9,3,344.835,18.0545
node,32,rx,-1,819.663,1336.99,6336074,176,0,9,3,851.897,18.0545
node,43,rx,-1,858.089,1332.46,6336074,176,0,7,3,259.873,18.0545
node,3,rx,-1,856.225,1300.69,6336074,176,0,12,3,800.375,18.0545
node,20,rx,-1,885.121,1306.01,6336074,176,0,11,3,222.036,18.0545
node,30,rx,-1,1036.89,1155.34,6336074,176,1,0,3,7.56055,18.0545
node,45,tx,-1,881.585,1451.51,6336074,176,1,6,1,423.546,19.1784
node,39,rx,-1,841.06,1410.08,6336074,176,1,10,4,365.585,19.1787
node,11,rx,-1,821.617,1390.68,6336074,176,1,6,4,338.121,19.1787
node,18,rx,-1,803.889,1384.42,6336074,176,0,10,4,334.864,19.1787
node,8,rx,-1,1013.82,1500.39,6336074,176,0,12,4,554.823,19.1787
node,8,tx,-1,1024.82,1500.58,6336074,176,0,10,1,543.845,20.9461
