node,0,tx,-1,1042.18,1150.16,25079893,174,0,0,1,0,12.9891
node,88,rx,-1,1019,1172.85,25079893,176,1,3,1,32.4334,12.9893
node,60,rx,-1,1010.74,1180.92,25079893,176,1,3,1,43.9882,12.9893
node,45,rx,-1,1072.73,1077.87,25079893,176,0,0,1,469.547,12.9893
node,125,rx,-1,1070.34,1070.72,25079893,176,0,1,1,476.34,12.9893
node,105,rx,-1,896.954,1294.51,25079893,176,1,1,1,205.265,12.9893
node,30,rx,-1,1166.29,982.845,25079893,176,0,8,1,870.521,12.9893
node,15,rx,-1,885.15,1301.39,25079893,176,0,8,1,218.623,12.9893
node,66,rx,-1,839.822,1350.54,25079893,176,0,8,1,285.413,12.9893
node,22,rx,-1,824.309,1365.42,25079893,176,0,6,1,306.878,12.9893
node,136,rx,-1,816.69,1372.66,25079893,176,0,0,1,317.372,12.9893
node,72,rx,-1,809.671,1374.77,25079893,176,0,9,1,323.918,12.9893
node,117,rx,-1,788.434,1359.3,25079893,176,1,2,1,352.487,12.9893
node,18,rx,-1,780.585,1351.26,25079893,176,1,1,1,363.936,12.9893
node,125,tx,-1,1072.6,1073.02,25079893,176,0,3,1,473.12,13.6416
node,45,rx,-1,1072.81,1077.95,25079893,176,0,0,2,469.417,13.6545
node,88,rx,-1,1022.04,1169.87,25079893,176,1,4,2,28.1806,13.6545
node,60,rx,-1,1012.71,1179.01,25079893,176,1,2,2,41.2373,13.6545
node,30,rx,-1,1159.81,976.194,25079893,176,0,9,2,861.223,13.6545
node,105,rx,-1,899.697,1291.84,25079893,176,1,3,2,201.441,13.6545
node,15,rx,-1,892.04,1294.69,25079893,176,0,9,2,209.009,13.6545
node,90,rx,-1,1294.65,872.19,25079893,176,0,5,2,1508.42,13.6545
node,32,rx,-1,1306.95,860.284,25079893,176,0,7,2,1491.3,13.6545
node,60,tx,-1,1012.71,1179.01,25079893,176,1,2,1,41.2373,13.7318
node,88,rx,-1,1022.04,1169.87,25079893,176,1,4,2,28.1806,13.7545
node,37,rx,-1,948.386,1135.09,25079893,176,0,10,2,573.52,13.7545
node,45,rx,-1,1072.81,1077.95,25079893,176,0,0,2,469.417,13.7545
node,125,rx,-1,1072.6,1073.02,25079893,176,0,3,2,473.12,13.7545
node,105,rx,-1,899.697,1291.84,25079893,176,1,3,2,201.441,13.7545
node,15,rx,-1,892.04,1294.69,25079893,176,0,9,2,209.009,13.7545
node,66,rx,-1,846.028,1344.4,25079893,176,0,8,2,276.68,13.7545
node,30,rx,-1,1159.81,976.194,25079893,176,0,9,2,861.223,13.7545
node,22,rx,-1,830.137,1359.89,25079893,176,0,8,2,298.841,13.7545
node,136,rx,-1,818.482,1370.96,25079893,176,0,2,2,314.904,13.7545
node,72,rx,-1,815.281,1369.44,25079893,176,1,7,2,316.187,13.7545
node,117,rx,-1,790.55,1361.36,25079893,176,1,2,2,349.53,13.7545
node,18,rx,-1,782.643,1353.42,25079893,176,1,2,2,360.947,13.7545
node,88,tx,-1,1022.04,1169.87,25079893,176,1,4,1,28.1806,13.9334
node,105,tx,-1,899.697,1291.84,25079893,176,1,3,1,201.441,13.9478
node,60,rx,-1,1012.71,1179.01,25079893,176,1,2,2,41.2373,13.9545
node,45,rx,-1,1072.81,1077.95,25079893,176,0,0,2,469.417,13.9545
node,125,rx,-1,1072.6,1073.02,25079893,176,0,3,2,473.12,13.9545
node,105,rx,-1,899.697,1291.84,25079893,176,1,3,2,201.441,13.9545
node,15,rx,-1,892.04,1294.69,25079893,176,0,9,2,209.009,13.9545
node,30,rx,-1,1159.81,976.194,25079893,176,0,9,2,861.223,13.9545
node,66,rx,-1,846.028,1344.4,25079893,176,0,8,2,276.68,13.9545
node,22,rx,-1,830.137,1359.89,25079893,176,0,8,2,298.841,13.9545
node,136,rx,-1,818.482,1370.96,25079893,176,0,2,2,314.904,13.9545
node,72,rx,-1,815.281,1369.44,25079893,176,1,7,2,316.187,13.9545
node,117,rx,-1,790.55,1361.36,25079893,176,1,2,2,349.53,13.9545
node,18,rx,-1,782.643,1353.42,25079893,176,1,2,2,360.947,13.9545
node,15,rx,-1,892.04,1294.69,25079893,176,0,9,2,209.009,13.9548
node,17,rx,-1,916.965,1301.34,25079893,176,1,6,2,680.167,13.9548
node,66,rx,-1,846.028,1344.4,25079893,176,0,8,2,276.68,13.9548
node,22,rx,-1,830.137,1359.89,25079893,176,0,8,2,298.841,13.9548
node,136,rx,-1,818.482,1370.96,25079893,176,0,2,2,314.904,13.9548
node,72,rx,-1,815.281,1369.44,25079893,176,1,7,2,316.187,13.9548
node,117,rx,-1,790.55,1361.36,25079893,176,1,2,2,349.53,13.9548
node,18,rx,-1,782.643,1353.42,25079893,176,1,2,2,360.947,13.9548
node,60,rx,-1,1012.71,1179.01,25079893,176,1,2,2,41.2373,13.9548
node,88,rx,-1,1022.04,1169.87,25079893,176,1,4,2,28.1806,13.9548
node,45,rx,-1,1072.81,1077.95,25079893,176,0,0,2,469.417,13.9548
node,125,rx,-1,1072.6,1073.02,25079893,176,0,3,2,473.12,13.9548
node,18,tx,-1,784.129,1354.83,25079893,176,1,2,1,358.899,14.4829
node,117,rx,-1,794.997,1364.03,25079893,176,1,5,2,344.299,14.4832
node,72,rx,-1,822.17,1362.9,25079893,176,1,9,2,306.685,14.4832
node,136,rx,-1,820.275,1369.26,25079893,176,0,2,2,312.436,14.4832
node,22,rx,-1,836.385,1353.94,25079893,176,0,8,2,290.235,14.4832
node,66,rx,-1,853.182,1337.32,25079893,176,0,10,2,266.614,14.4832
node,49,rx,-1,731.777,1299.52,25079893,176,0,5,2,435.156,14.4832
node,35,rx,-1,843.099,1412.24,25079893,176,1,12,2,368.39,14.4832
node,118,rx,-1,720.009,1287.04,25079893,176,0,3,2,452.312,14.4832
node,74,rx,-1,859.21,1428.8,25079893,176,1,10,2,391.499,14.4832
node,134,rx,-1,878.139,1448.01,25079893,176,1,2,2,418.474,14.4832
node,15,rx,-1,898.864,1288.04,25079893,176,0,9,2,199.396,14.4832
node,105,rx,-1,900.805,1290.76,25079893,176,1,1,2,199.896,14.4832
node,97,rx,-1,885.685,1455.72,25079893,176,1,2,2,429.259,14.4832
node,3,rx,-1,897.935,1468.24,25079893,176,0,2,2,446.779,14.4832
node,106,rx,-1,931.887,1502.55,25079893,176,0,3,2,636.544,14.4832
node,60,rx,-1,1016.26,1175.54,25079893,176,1,4,2,36.2739,14.4832
node,88,rx,-1,1025.57,1166.42,25079893,176,1,4,2,23.2387,14.4832
node,37,tx,-1,940.71,1127.26,25079893,176,0,10,1,562.551,14.9239
node,84,rx,-1,825.727,1009.95,25079893,176,0,12,3,915.077,14.9544
node,117,tx,-1,799.474,1368.75,25079893,176,1,6,1,337.783,15.014
node,18,rx,-1,786.441,1357.18,25079893,176,1,3,2,355.398,15.0544
node,136,rx,-1,822.703,1366.95,25079893,176,0,3,2,309.094,15.0544
node,72,rx,-1,829.929,1360.08,25079893,176,1,7,2,299.127,15.0544
node,35,rx,-1,834.035,1403.02,25079893,176,1,12,2,355.47,15.0544
node,22,rx,-1,843.476,1346.92,25079893,176,0,9,2,280.272,15.0544
node,66,rx,-1,861.119,1329.46,25079893,176,0,11,2,255.445,15.0544
node,74,rx,-1,851.118,1420.59,25079893,176,1,11,2,379.968,15.0544
node,49,rx,-1,736.947,1305,25079893,176,0,7,2,427.62,15.0544
node,134,rx,-1,874.683,1444.51,25079893,176,1,4,2,413.548,15.0544
node,118,rx,-1,723.23,1290.45,25079893,176,0,4,2,447.617,15.0544
node,97,rx,-1,883.638,1453.62,25079893,176,1,2,2,426.325,15.0544
node,142,rx,-1,715.44,1282.19,25079893,176,0,0,2,458.972,15.0544
node,105,rx,-1,899.207,1287.71,25079893,176,1,0,2,198.918,15.0544
node,15,rx,-1,905.985,1283.27,25079893,176,0,8,2,190.764,15.0544
node,3,rx,-1,895.814,1466.12,25079893,176,1,3,2,443.778,15.0544
node,106,rx,-1,935.687,1502.63,25079893,176,0,3,2,632.743,15.0544
node,60,rx,-1,1019.4,1172.46,25079893,176,1,4,2,31.8771,15.0544
node,88,rx,-1,1030.91,1161.2,25079893,176,1,7,2,15.7778,15.0544
node,15,tx,-1,905.985,1283.27,25079893,176,0,8,1,190.764,15.1753
node,105,rx,-1,899.207,1287.71,25079893,176,1,0,2,198.918,15.1755
node,17,rx,-1,932.744,1312.8,25079893,176,1,10,2,660.949,15.1755
node,66,rx,-1,861.119,1329.46,25079893,176,0,11,2,255.445,15.1755
node,22,rx,-1,843.476,1346.92,25079893,176,0,9,2,280.272,15.1755
node,72,rx,-1,829.929,1360.08,25079893,176,1,7,2,299.127,15.1755
node,136,rx,-1,822.703,1366.95,25079893,176,0,3,2,309.094,15.1755
node,117,rx,-1,799.474,1368.75,25079893,176,1,6,2,337.783,15.1755
node,18,rx,-1,786.441,1357.18,25079893,176,1,3,2,355.398,15.1755
node,60,rx,-1,1019.4,1172.46,25079893,176,1,4,2,31.8771,15.1755
node,88,rx,-1,1030.91,1161.2,25079893,176,1,7,2,15.7778,15.1755
node,45,rx,-1,1072.87,1078.01,25079893,176,0,0,2,469.33,15.1755
node,125,rx,-1,1075.28,1075.75,25079893,176,0,0,2,469.334,15.1755
node,49,tx,-1,736.947,1305,25079893,176,0,7,1,427.62,15.2299
node,118,rx,-1,723.23,1290.45,25079893,176,0,4,3,447.617,15.2544
node,142,rx,-1,715.44,1282.19,25079893,176,0,0,3,458.972,15.2544
node,18,rx,-1,786.441,1357.18,25079893,176,1,3,3,355.398,15.2544
node,117,rx,-1,799.474,1368.75,25079893,176,1,6,3,337.783,15.2544
node,136,rx,-1,822.703,1366.95,25079893,176,0,3,3,309.094,15.2544
node,35,rx,-1,834.035,1403.02,25079893,176,1,12,3,355.47,15.2544
node,74,rx,-1,851.118,1420.59,25079893,176,1,11,3,379.968,15.2544
node,134,rx,-1,874.683,1444.51,25079893,176,1,4,3,413.548,15.2544
node,97,rx,-1,883.638,1453.62,25079893,176,1,2,3,426.325,15.2544
node,3,rx,-1,895.814,1466.12,25079893,176,1,3,3,443.778,15.2544
node,106,rx,-1,935.687,1502.63,25079893,176,0,3,3,632.743,15.2544
node,35,tx,-1,834.035,1403.02,25079893,176,1,12,1,355.47,15.3251
node,74,rx,-1,851.118,1420.59,25079893,176,1,11,3,379.968,15.3544
node,136,rx,-1,822.703,1366.95,25079893,176,0,3,3,309.094,15.3544
node,117,rx,-1,799.474,1368.75,25079893,176,1,6,3,337.783,15.3544
node,134,rx,-1,874.683,1444.51,25079893,176,1,4,3,413.548,15.3544
node,18,rx,-1,786.441,1357.18,25079893,176,1,3,3,355.398,15.3544
node,97,rx,-1,883.638,1453.62,25079893,176,1,2,3,426.325,15.3544
node,3,rx,-1,895.814,1466.12,25079893,176,1,3,3,443.778,15.3544
node,49,rx,-1,736.947,1305,25079893,176,0,7,3,427.62,15.3544
node,106,rx,-1,935.687,1502.63,25079893,176,0,3,3,632.743,15.3544
node,118,rx,-1,723.23,1290.45,25079893,176,0,4,3,447.617,15.3544
node,142,rx,-1,715.44,1282.19,25079893,176,0,0,3,458.972,15.3544
node,17,tx,-1,932.744,1312.8,25079893,176,1,10,1,660.949,15.424
node,30,tx,-1,1146.85,962.938,25079893,176,0,9,1,842.591,15.4296
node,73,rx,-1,1049.64,858.776,25079893,176,0,11,2,1235.81,15.4546
node,10,rx,-1,1004.96,817.77,25079893,176,0,11,2,1175.26,15.4546
node,67,rx,-1,1324.33,1143.86,25079893,176,0,12,2,512.234,15.4546
node,121,rx,-1,1356.77,1177.6,25079893,176,0,6,2,559.032,15.4546
node,122,rx,-1,1378.15,1199.43,25079893,176,0,4,2,589.583,15.4546
node,15,rx,-1,905.985,1283.27,25079893,176,0,8,3,190.764,15.4546
node,105,rx,-1,899.207,1287.71,25079893,176,1,0,3,198.918,15.4546
node,72,tx,-1,829.929,1360.08,25079893,176,1,7,1,299.127,15.5035
node,136,rx,-1,822.703,1366.95,25079893,176,0,3,2,309.094,15.5546
node,22,rx,-1,843.476,1346.92,25079893,176,0,9,2,280.272,15.5546
node,117,rx,-1,799.474,1368.75,25079893,176,1,6,2,337.783,15.5546
node,18,rx,-1,786.441,1357.18,25079893,176,1,3,2,355.398,15.5546
node,66,rx,-1,861.119,1329.46,25079893,176,0,11,2,255.445,15.5546
node,105,rx,-1,899.207,1287.71,25079893,176,1,0,2,198.918,15.5546
node,15,rx,-1,905.985,1283.27,25079893,176,0,8,2,190.764,15.5546
node,60,rx,-1,1019.4,1172.46,25079893,176,1,4,2,31.8771,15.5546
node,88,rx,-1,1030.91,1161.2,25079893,176,1,7,2,15.7778,15.5546
node,22,tx,-1,843.476,1346.92,25079893,176,0,9,1,280.272,15.5637
node,72,rx,-1,829.929,1360.08,25079893,176,1,7,2,299.127,15.564
node,66,rx,-1,861.119,1329.46,25079893,176,0,11,2,255.445,15.564
node,136,rx,-1,822.703,1366.95,25079893,176,0,3,2,309.094,15.564
node,117,rx,-1,799.474,1368.75,25079893,176,1,6,2,337.783,15.564
node,18,rx,-1,786.441,1357.18,25079893,176,1,3,2,355.398,15.564
node,105,rx,-1,899.207,1287.71,25079893,176,1,0,2,198.918,15.564
node,15,rx,-1,905.985,1283.27,25079893,176,0,8,2,190.764,15.564
node,60,rx,-1,1019.4,1172.46,25079893,176,1,4,2,31.8771,15.564
node,88,rx,-1,1030.91,1161.2,25079893,176,1,7,2,15.7778,15.564
node,136,tx,-1,822.703,1366.95,25079893,176,0,3,1,309.094,15.7134
node,72,rx,-1,829.929,1360.08,25079893,176,1,7,2,299.127,15.7544
node,117,rx,-1,799.474,1368.75,25079893,176,1,6,2,337.783,15.7544
node,22,rx,-1,843.476,1346.92,25079893,176,0,9,2,280.272,15.7544
node,18,rx,-1,786.441,1357.18,25079893,176,1,3,2,355.398,15.7544
node,35,rx,-1,834.035,1403.02,25079893,176,1,12,2,355.47,15.7544
node,66,rx,-1,861.119,1329.46,25079893,176,0,11,2,255.445,15.7544
node,49,rx,-1,736.947,1305,25079893,176,0,7,2,427.62,15.7544
node,105,rx,-1,899.207,1287.71,25079893,176,1,0,2,198.918,15.7544
node,15,rx,-1,905.985,1283.27,25079893,176,0,8,2,190.764,15.7544
node,60,rx,-1,1019.4,1172.46,25079893,176,1,4,2,31.8771,15.7544
node,88,rx,-1,1030.91,1161.2,25079893,176,1,7,2,15.7778,15.7544
node,90,tx,-1,1303.13,859.395,25079893,176,0,8,1,1493.43,15.9279
node,32,tx,-1,1318.67,844.358,25079893,176,0,10,1,1471.8,15.9544
node,32,rx,-1,1318.67,844.358,25079893,176,0,10,3,1471.8,15.9546
node,127,rx,-1,1375.35,824.647,25079893,176,0,3,3,850.545,15.9546
node,26,rx,-1,1383.95,820.013,25079893,176,0,1,3,839.58,15.9546
node,86,rx,-1,1390.03,775.035,25079893,176,1,11,3,1372.28,15.9546
node,78,rx,-1,1405.87,759.537,25079893,176,1,11,3,1350.12,15.9546
node,52,rx,-1,1444.51,697.619,25079893,176,0,7,3,1260.28,15.9546
node,87,rx,-1,1463.75,714.922,25079893,176,0,4,3,1287.88,15.9546
node,96,rx,-1,1469.66,718.537,25079893,176,1,0,3,1295.15,15.9546
node,120,rx,-1,1472.03,716.24,25079893,176,1,0,3,1295.17,15.9546
node,131,rx,-1,1474.35,713.893,25079893,176,0,0,3,1295.12,15.9546
node,125,rx,-1,1075.28,1075.75,25079893,176,0,0,3,469.334,15.9546
node,45,rx,-1,1072.87,1078.01,25079893,176,0,0,3,469.33,15.9546
node,90,rx,-1,1303.13,859.395,25079893,176,0,8,3,1493.43,15.9549
node,127,rx,-1,1375.35,824.647,25079893,176,0,3,3,850.545,15.9549
node,26,rx,-1,1383.95,820.013,25079893,176,0,1,3,839.58,15.9549
node,86,rx,-1,1390.03,775.035,25079893,176,1,11,3,1372.28,15.9549
node,78,rx,-1,1405.87,759.537,25079893,176,1,11,3,1350.12,15.9549
node,52,rx,-1,1444.51,697.619,25079893,176,0,7,3,1260.28,15.9549
node,87,rx,-1,1463.75,714.922,25079893,176,0,4,3,1287.88,15.9549
node,96,rx,-1,1469.66,718.537,25079893,176,1,0,3,1295.15,15.9549
node,120,rx,-1,1472.03,716.24,25079893,176,1,0,3,1295.17,15.9549
node,131,rx,-1,1474.35,713.893,25079893,176,0,0,3,1295.12,15.9549
node,125,rx,-1,1075.28,1075.75,25079893,176,0,0,3,469.334,15.9549
node,45,rx,-1,1072.87,1078.01,25079893,176,0,0,3,469.33,15.9549
node,66,tx,-1,861.119,1329.46,25079893,176,0,11,1,255.445,15.9867
node,22,rx,-1,843.476,1346.92,25079893,176,0,9,2,280.272,15.987
node,72,rx,-1,829.929,1360.08,25079893,176,1,7,2,299.127,15.987
node,136,rx,-1,822.703,1366.95,25079893,176,0,3,2,309.094,15.987
node,105,rx,-1,899.207,1287.71,25079893,176,1,0,2,198.918,15.987
node,15,rx,-1,905.985,1283.27,25079893,176,0,8,2,190.764,15.987
node,117,rx,-1,799.474,1368.75,25079893,176,1,6,2,337.783,15.987
node,18,rx,-1,786.441,1357.18,25079893,176,1,3,2,355.398,15.987
node,60,rx,-1,1019.4,1172.46,25079893,176,1,4,2,31.8771,15.987
node,88,rx,-1,1030.91,1161.2,25079893,176,1,7,2,15.7778,15.987
node,45,rx,-1,1072.87,1078.01,25079893,176,0,0,2,469.33,15.987
node,125,rx,-1,1075.28,1075.75,25079893,176,0,0,2,469.334,15.987
node,45,tx,-1,1072.87,1078.01,25079893,176,0,0,1,469.329,16.0794
node,125,rx,-1,1075.28,1075.75,25079893,176,0,0,2,469.333,16.0797
node,88,rx,-1,1034.94,1157.25,25079893,176,1,5,2,10.1341,16.0797
node,60,rx,-1,1022.67,1169.26,25079893,176,1,4,2,27.3018,16.0797
node,15,rx,-1,911.015,1278.49,25079893,176,0,7,2,183.716,16.0797
node,105,rx,-1,900.249,1286.86,25079893,176,1,1,2,197.574,16.0797
node,66,rx,-1,868.756,1321.93,25079893,176,0,10,2,244.707,16.0797
node,90,rx,-1,1310.74,852.032,25079893,176,0,10,2,1482.84,16.0797
node,22,rx,-1,852.355,1338.13,25079893,176,0,12,2,267.777,16.0797
node,74,tx,-1,842.155,1411.24,25079893,176,1,12,1,367.015,16.1585
node,35,rx,-1,825.485,1394.52,25079893,176,1,12,3,343.413,16.1588
node,134,rx,-1,870.568,1440.33,25079893,176,1,5,3,407.685,16.1588
node,97,rx,-1,881.155,1451.07,25079893,176,1,3,3,422.771,16.1588
node,117,rx,-1,802.096,1371.66,25079893,176,1,3,3,333.864,16.1588
node,3,rx,-1,892.17,1462.38,25079893,176,1,5,3,438.556,16.1588
node,18,rx,-1,788.791,1359.67,25079893,176,1,3,3,351.967,16.1588
node,106,rx,-1,939.943,1502.72,25079893,176,0,4,3,628.487,16.1588
node,49,rx,-1,742.421,1310.81,25079893,176,0,7,3,419.64,16.1588
node,118,rx,-1,728.101,1295.62,25079893,176,0,7,3,440.515,16.1588
node,142,rx,-1,715.789,1282.56,25079893,176,0,0,3,458.464,16.1588
node,3,tx,-1,892.17,1462.38,25079893,176,1,5,1,438.556,16.1724
node,97,rx,-1,881.155,1451.07,25079893,176,1,3,3,422.771,16.1726
node,134,rx,-1,870.568,1440.33,25079893,176,1,5,3,407.685,16.1726
node,106,rx,-1,939.943,1502.72,25079893,176,0,4,3,628.487,16.1726
node,74,rx,-1,842.155,1411.24,25079893,176,1,12,3,367.015,16.1726
node,55,rx,-1,963.706,1485.76,25079893,176,1,11,3,685.072,16.1726
node,58,rx,-1,817.76,1504.02,25079893,176,0,10,3,750.618,16.1726
node,35,rx,-1,825.485,1394.52,25079893,176,1,12,3,343.413,16.1726
node,64,rx,-1,991.684,1489.54,25079893,176,0,12,3,713.109,16.1726
node,110,rx,-1,994.216,1486.29,25079893,176,1,9,3,715.596,16.1726
node,34,rx,-1,995.172,1500.36,25079893,176,0,12,3,573.253,16.1726
node,117,rx,-1,802.096,1371.66,25079893,176,1,3,3,333.864,16.1726
node,18,rx,-1,788.791,1359.67,25079893,176,1,3,3,351.967,16.1726
node,24,rx,-1,1033.17,1337.96,25079893,176,1,12,3,626.217,16.1726
node,49,rx,-1,742.421,1310.81,25079893,176,0,7,3,419.64,16.1726
node,118,rx,-1,728.101,1295.62,25079893,176,0,7,3,440.515,16.1726
node,142,rx,-1,715.789,1282.56,25079893,176,0,0,3,458.464,16.1726
node,134,tx,-1,870.568,1440.33,25079893,176,1,5,1,407.685,16.3194
node,97,rx,-1,881.155,1451.07,25079893,176,1,3,3,422.771,16.3543
node,3,rx,-1,892.17,1462.38,25079893,176,1,5,3,438.556,16.3543
node,74,rx,-1,842.155,1411.24,25079893,176,1,12,3,367.015,16.3543
node,35,rx,-1,825.485,1394.52,25079893,176,1,12,3,343.413,16.3543
node,106,rx,-1,939.943,1502.72,25079893,176,0,4,3,628.487,16.3543
node,117,rx,-1,802.096,1371.66,25079893,176,1,3,3,333.864,16.3543
node,55,rx,-1,963.706,1485.76,25079893,176,1,11,3,685.072,16.3543
node,18,rx,-1,788.791,1359.67,25079893,176,1,3,3,351.967,16.3543
node,34,rx,-1,995.172,1500.36,25079893,176,0,12,3,573.253,16.3543
node,49,rx,-1,742.421,1310.81,25079893,176,0,7,3,419.64,16.3543
node,118,rx,-1,728.101,1295.62,25079893,176,0,7,3,440.515,16.3543
node,142,rx,-1,715.789,1282.56,25079893,176,0,0,3,458.464,16.3543
node,67,tx,-1,1317.09,1136.32,25079893,176,0,10,1,501.777,16.4963
node,121,rx,-1,1352.11,1172.75,25079893,176,0,6,3,552.305,16.4965
node,122,rx,-1,1377.71,1194.69,25079893,176,0,5,3,1106.04,16.4965
node,30,rx,-1,1140.81,956.761,25079893,176,0,8,3,833.952,16.4965
node,87,tx,-1,1462.4,708.969,25079893,176,0,6,1,1281.52,16.7415
node,120,rx,-1,1469.66,718.53,25079893,176,1,0,4,1295.14,16.7546
node,96,rx,-1,1467.29,720.827,25079893,176,1,0,4,1295.12,16.7546
node,131,rx,-1,1474.35,713.892,25079893,176,0,0,4,1295.11,16.7546
node,52,rx,-1,1438.63,691.63,25079893,176,0,8,4,1251.89,16.7546
node,78,rx,-1,1414.39,751.191,25079893,176,1,11,4,1338.19,16.7546
node,91,rx,-1,1413.77,666.317,25079893,176,0,5,4,1216.31,16.7546
node,86,rx,-1,1397.75,767.478,25079893,176,1,10,4,1361.47,16.7546
node,1,rx,-1,1392.86,645.024,25079893,176,0,10,4,1186.46,16.7546
node,26,rx,-1,1384.66,820.657,25079893,176,0,0,4,838.624,16.7546
node,127,rx,-1,1376.57,823.445,25079893,176,0,1,4,848.83,16.7546
node,32,rx,-1,1327.76,835.567,25079893,176,0,12,4,1459.16,16.7546
node,90,rx,-1,1310.74,852.032,25079893,176,0,10,4,1482.84,16.7546
node,77,rx,-1,1307.91,547.956,25079893,176,0,10,4,1591.51,16.7546
node,71,rx,-1,1700.48,954.592,25079893,176,0,8,4,1040.9,16.7546
node,73,tx,-1,1040.93,849.866,25079893,176,0,12,1,1223.35,16.7828
node,10,rx,-1,996.715,809.333,25079893,176,0,11,3,1163.46,16.783
node,30,rx,-1,1140.81,956.761,25079893,176,0,8,3,833.952,16.783
node,97,tx,-1,881.155,1451.07,25079893,176,1,3,1,422.771,16.9123
node,134,rx,-1,870.568,1440.33,25079893,176,1,5,3,407.685,16.9544
node,3,rx,-1,892.17,1462.38,25079893,176,1,5,3,438.556,16.9544
node,74,rx,-1,842.155,1411.24,25079893,176,1,12,3,367.015,16.9544
node,106,rx,-1,939.943,1502.72,25079893,176,0,4,3,628.487,16.9544
node,35,rx,-1,825.485,1394.52,25079893,176,1,12,3,343.413,16.9544
node,55,rx,-1,963.706,1485.76,25079893,176,1,11,3,685.072,16.9544
node,117,rx,-1,802.096,1371.66,25079893,176,1,3,3,333.864,16.9544
node,34,rx,-1,995.172,1500.36,25079893,176,0,12,3,573.253,16.9544
node,18,rx,-1,788.791,1359.67,25079893,176,1,3,3,351.967,16.9544
node,49,rx,-1,742.421,1310.81,25079893,176,0,7,3,419.64,16.9544
node,118,rx,-1,728.101,1295.62,25079893,176,0,7,3,440.515,16.9544
node,142,rx,-1,715.789,1282.56,25079893,176,0,0,3,458.464,16.9544
node,122,tx,-1,1382.61,1189.88,25079893,176,0,6,1,1099.17,17.0194
node,76,rx,-1,1403.72,1169.16,25079893,176,0,11,3,1069.59,17.0545
node,121,rx,-1,1346.65,1167.07,25079893,176,0,7,3,544.434,17.0545
node,67,rx,-1,1308.61,1127.5,25079893,176,0,12,3,489.542,17.0545
node,50,rx,-1,1244.94,1326.33,25079893,176,0,11,3,745.809,17.0545
node,12,rx,-1,1168.04,1392.26,25079893,176,1,10,3,333.403,17.0545
node,89,rx,-1,1132.45,1425.62,25079893,176,1,8,3,382.181,17.0545
node,30,rx,-1,1134.05,949.844,25079893,176,0,9,3,824.28,17.0545
node,64,tx,-1,978.84,1489.32,25079893,176,0,12,1,700.263,17.1397
node,110,rx,-1,983.271,1486.1,25079893,176,1,10,4,704.645,17.1545
node,55,rx,-1,953.129,1485.58,25079893,176,1,10,4,674.491,17.1545
node,34,rx,-1,1006.1,1500.32,25079893,176,0,10,4,562.314,17.1545
node,106,rx,-1,946.477,1499.56,25079893,176,0,6,4,622.002,17.1545
node,132,rx,-1,1016.51,1486.67,25079893,176,1,5,4,737.903,17.1545
node,140,rx,-1,1060.16,1487.06,25079893,176,0,4,4,781.631,17.1545
node,3,rx,-1,889.36,1459.5,25079893,176,1,4,4,434.528,17.1545
node,54,rx,-1,1080.48,1501.7,25079893,176,0,6,4,488.008,17.1545
node,97,rx,-1,877.475,1447.34,25079893,176,1,5,4,417.526,17.1545
node,58,rx,-1,829.049,1504.29,25079893,176,0,11,4,739.325,17.1545
node,83,rx,-1,1147.5,1487.72,25079893,176,1,11,4,500.031,17.1545
node,101,rx,-1,1186.19,1488.52,25079893,176,1,9,4,538.736,17.1545
node,26,tx,-1,1385.54,821.564,25079893,176,0,1,1,837.359,17.1681
node,127,rx,-1,1377.54,822.494,25079893,176,0,1,4,847.474,17.1683
node,32,rx,-1,1336.58,827.036,25079893,176,0,12,4,1446.89,17.1683
node,86,rx,-1,1406.21,759.203,25079893,176,1,11,4,1349.64,17.1683
node,90,rx,-1,1318.58,844.452,25079893,176,0,10,4,1471.94,17.1683
node,78,rx,-1,1421.99,743.759,25079893,176,1,10,4,1327.57,17.1683
node,96,rx,-1,1467.01,720.426,25079893,176,1,0,4,1294.62,17.1683
node,120,rx,-1,1469.65,718.521,25079893,176,1,0,4,1295.13,17.1683
node,131,rx,-1,1471.99,716.201,25079893,176,0,0,4,1295.11,17.1683
node,87,rx,-1,1455.71,704.325,25079893,176,1,8,4,1272.91,17.1683
node,62,rx,-1,1204.77,636.238,25079893,176,0,6,4,1089.86,17.1683
node,135,rx,-1,1189.96,621.053,25079893,176,0,6,4,1111.07,17.1683
node,141,rx,-1,1176.69,607.461,25079893,176,0,2,4,1130.07,17.1683
node,86,tx,-1,1406.21,759.203,25079893,176,1,11,1,1349.64,17.1847
node,78,rx,-1,1421.99,743.759,25079893,176,1,10,4,1327.57,17.1849
node,26,rx,-1,1385.54,821.564,25079893,176,0,1,4,837.359,17.1849
node,127,rx,-1,1377.54,822.494,25079893,176,0,1,4,847.474,17.1849
node,96,rx,-1,1467.01,720.426,25079893,176,1,0,4,1294.62,17.1849
node,87,rx,-1,1455.71,704.325,25079893,176,1,8,4,1272.91,17.1849
node,120,rx,-1,1469.65,718.521,25079893,176,1,0,4,1295.13,17.1849
node,131,rx,-1,1471.99,716.201,25079893,176,0,0,4,1295.11,17.1849
node,32,rx,-1,1336.58,827.036,25079893,176,0,12,4,1446.89,17.1849
node,90,rx,-1,1318.58,844.452,25079893,176,0,10,4,1471.94,17.1849
node,106,tx,-1,946.477,1499.56,25079893,176,0,6,1,622.002,17.279
node,55,rx,-1,953.129,1485.58,25079893,176,1,10,3,674.491,17.2793
node,64,rx,-1,978.84,1489.32,25079893,176,0,12,3,700.263,17.2793
node,110,rx,-1,983.271,1486.1,25079893,176,1,10,3,704.645,17.2793
node,34,rx,-1,1006.1,1500.32,25079893,176,0,10,3,562.314,17.2793
node,3,rx,-1,889.36,1459.5,25079893,176,1,4,3,434.528,17.2793
node,132,rx,-1,1016.51,1486.67,25079893,176,1,5,3,737.903,17.2793
node,97,rx,-1,877.475,1447.34,25079893,176,1,5,3,417.526,17.2793
node,134,rx,-1,865.482,1435.17,25079893,176,1,7,3,400.437,17.2793
node,140,rx,-1,1060.16,1487.06,25079893,176,0,4,3,781.631,17.2793
node,58,rx,-1,829.049,1504.29,25079893,176,0,11,3,739.325,17.2793
node,54,rx,-1,1080.48,1501.7,25079893,176,0,6,3,488.008,17.2793
node,74,rx,-1,834.607,1403.59,25079893,176,1,10,3,356.276,17.2793
node,35,rx,-1,818.553,1387.63,25079893,176,1,9,3,333.636,17.2793
node,117,rx,-1,805.706,1375.81,25079893,176,1,5,3,375.004,17.2793
node,83,rx,-1,1147.5,1487.72,25079893,176,1,11,3,500.031,17.2793
node,18,rx,-1,789.62,1360.55,25079893,176,1,1,3,350.76,17.2793
node,101,rx,-1,1186.19,1488.52,25079893,176,1,9,3,538.736,17.2793
node,142,tx,-1,717.059,1283.91,25079893,176,0,1,1,456.612,17.2911
node,118,rx,-1,733.607,1301.46,25079893,176,0,8,3,432.489,17.2914
node,49,rx,-1,748.896,1317.68,25079893,176,0,9,3,410.2,17.2914
node,18,rx,-1,789.62,1360.55,25079893,176,1,1,3,350.76,17.2914
node,117,rx,-1,805.706,1375.81,25079893,176,1,5,3,375.004,17.2914
node,35,rx,-1,818.553,1387.63,25079893,176,1,9,3,333.636,17.2914
node,74,rx,-1,834.607,1403.59,25079893,176,1,10,3,356.276,17.2914
node,134,rx,-1,865.482,1435.17,25079893,176,1,7,3,400.437,17.2914
node,97,rx,-1,877.475,1447.34,25079893,176,1,5,3,417.526,17.2914
node,3,rx,-1,889.36,1459.5,25079893,176,1,4,3,434.528,17.2914
node,84,tx,-1,800.138,983.841,25079893,176,0,12,1,878.522,17.3131
node,37,rx,-1,918.116,1104.2,25079893,176,0,11,4,530.27,17.3544
node,121,tx,-1,1346.65,1167.07,25079893,176,0,7,1,544.434,17.3579
node,122,rx,-1,1382.61,1189.88,25079893,176,0,6,3,1099.17,17.3582
node,67,rx,-1,1308.61,1127.5,25079893,176,0,12,3,489.542,17.3582
node,30,rx,-1,1134.05,949.844,25079893,176,0,9,3,824.28,17.3582
node,131,tx,-1,1471.99,716.201,25079893,176,0,0,1,1295.11,17.3828
node,120,rx,-1,1469.65,718.521,25079893,176,1,0,4,1295.13,17.383
node,96,rx,-1,1467.01,720.426,25079893,176,1,0,4,1294.62,17.383
node,87,rx,-1,1455.71,704.325,25079893,176,1,8,4,1272.91,17.383
node,52,rx,-1,1432.47,685.36,25079893,176,0,8,4,1243,17.383
node,78,rx,-1,1421.99,743.759,25079893,176,1,10,4,1327.57,17.383
node,86,rx,-1,1406.21,759.203,25079893,176,1,11,4,1349.64,17.383
node,91,rx,-1,1408.47,660.922,25079893,176,0,7,4,1208.74,17.383
node,1,rx,-1,1385.06,637.089,25079893,176,0,11,4,1175.34,17.383
node,26,rx,-1,1385.54,821.564,25079893,176,0,1,4,837.359,17.383
node,127,rx,-1,1377.54,822.494,25079893,176,0,1,4,847.474,17.383
node,32,rx,-1,1336.58,827.036,25079893,176,0,12,4,1446.89,17.383
node,90,rx,-1,1318.58,844.452,25079893,176,0,10,4,1471.94,17.383
node,77,rx,-1,1299.63,539.244,25079893,176,0,12,4,1579.49,17.383
node,71,rx,-1,1692.77,946.695,25079893,176,0,11,4,1029.87,17.383
node,110,tx,-1,983.271,1486.1,25079893,176,1,10,1,704.645,17.3834
node,64,rx,-1,978.84,1489.32,25079893,176,0,12,4,700.263,17.3837
node,34,rx,-1,1006.1,1500.32,25079893,176,0,10,4,562.314,17.3837
node,55,rx,-1,953.129,1485.58,25079893,176,1,10,4,674.491,17.3837
node,132,rx,-1,1016.51,1486.67,25079893,176,1,5,4,737.903,17.3837
node,106,rx,-1,946.477,1499.56,25079893,176,0,6,4,622.002,17.3837
node,140,rx,-1,1060.16,1487.06,25079893,176,0,4,4,781.631,17.3837
node,3,rx,-1,889.36,1459.5,25079893,176,1,4,4,434.528,17.3837
node,54,rx,-1,1080.48,1501.7,25079893,176,0,6,4,488.008,17.3837
node,58,rx,-1,829.049,1504.29,25079893,176,0,11,4,739.325,17.3837
node,83,rx,-1,1147.5,1487.72,25079893,176,1,11,4,500.031,17.3837
node,101,rx,-1,1186.19,1488.52,25079893,176,1,9,4,538.736,17.3837
node,55,tx,-1,953.129,1485.58,25079893,176,1,10,1,674.491,17.4356
node,106,rx,-1,946.477,1499.56,25079893,176,0,6,4,622.002,17.4546
node,64,rx,-1,978.84,1489.32,25079893,176,0,12,4,700.263,17.4546
node,110,rx,-1,983.271,1486.1,25079893,176,1,10,4,704.645,17.4546
node,34,rx,-1,1006.1,1500.32,25079893,176,0,10,4,562.314,17.4546
node,132,rx,-1,1016.51,1486.67,25079893,176,1,5,4,737.903,17.4546
node,3,rx,-1,889.36,1459.5,25079893,176,1,4,4,434.528,17.4546
node,97,rx,-1,877.475,1447.34,25079893,176,1,5,4,417.526,17.4546
node,134,rx,-1,865.482,1435.17,25079893,176,1,7,4,400.437,17.4546
node,140,rx,-1,1060.16,1487.06,25079893,176,0,4,4,781.631,17.4546
node,58,rx,-1,829.049,1504.29,25079893,176,0,11,4,739.325,17.4546
node,54,rx,-1,1080.48,1501.7,25079893,176,0,6,4,488.008,17.4546
node,83,rx,-1,1147.5,1487.72,25079893,176,1,11,4,500.031,17.4546
node,101,rx,-1,1186.19,1488.52,25079893,176,1,9,4,538.736,17.4546
node,118,tx,-1,733.607,1301.46,25079893,176,0,8,1,432.489,17.4551
node,49,rx,-1,748.896,1317.68,25079893,176,0,9,3,410.2,17.4553
node,142,rx,-1,717.059,1283.91,25079893,176,0,1,3,456.612,17.4553
node,18,rx,-1,789.62,1360.55,25079893,176,1,1,3,350.76,17.4553
node,117,rx,-1,805.706,1375.81,25079893,176,1,5,3,375.004,17.4553
node,144,rx,-1,822.03,1367.59,25079893,176,0,0,3,310.022,17.4553
node,35,rx,-1,818.553,1387.63,25079893,176,1,9,3,333.636,17.4553
node,74,rx,-1,834.607,1403.59,25079893,176,1,10,3,356.276,17.4553
node,134,rx,-1,865.482,1435.17,25079893,176,1,7,3,400.437,17.4553
node,97,rx,-1,877.475,1447.34,25079893,176,1,5,3,417.526,17.4553
node,3,rx,-1,889.36,1459.5,25079893,176,1,4,3,434.528,17.4553
node,96,tx,-1,1467.01,720.426,25079893,176,1,0,1,1294.62,17.5923
node,120,rx,-1,1469.65,718.521,25079893,176,1,0,4,1295.13,17.5925
node,131,rx,-1,1471.99,716.201,25079893,176,0,0,4,1295.11,17.5925
node,87,rx,-1,1455.71,704.325,25079893,176,1,8,4,1272.91,17.5925
node,52,rx,-1,1432.47,685.36,25079893,176,0,8,4,1243,17.5925
node,78,rx,-1,1421.99,743.759,25079893,176,1,10,4,1327.57,17.5925
node,86,rx,-1,1406.21,759.203,25079893,176,1,11,4,1349.64,17.5925
node,91,rx,-1,1408.47,660.922,25079893,176,0,7,4,1208.74,17.5925
node,1,rx,-1,1385.06,637.089,25079893,176,0,11,4,1175.34,17.5925
node,26,rx,-1,1385.54,821.564,25079893,176,0,1,4,837.359,17.5925
node,127,rx,-1,1377.54,822.494,25079893,176,0,1,4,847.474,17.5925
node,32,rx,-1,1336.58,827.036,25079893,176,0,12,4,1446.89,17.5925
node,90,rx,-1,1318.58,844.452,25079893,176,0,10,4,1471.94,17.5925
node,77,rx,-1,1299.63,539.244,25079893,176,0,12,4,1579.49,17.5925
node,71,rx,-1,1692.77,946.695,25079893,176,0,11,4,1029.87,17.5925
node,10,tx,-1,988.317,800.746,25079893,176,0,12,1,1151.45,17.6724
node,44,rx,-1,956.571,813.64,25079893,176,0,11,3,1174.72,17.6726
node,16,rx,-1,1015.97,755.817,25079893,176,0,11,3,1091.82,17.6726
node,73,rx,-1,1033.12,841.875,25079893,176,0,11,3,1212.18,17.6726
node,30,rx,-1,1134.05,949.844,25079893,176,0,9,3,824.28,17.6726
node,139,rx,-1,759.811,566.694,25079893,176,0,0,3,1388.14,17.6726
node,112,rx,-1,745.23,552.301,25079893,176,0,2,3,1342,17.6726
node,127,tx,-1,1377.54,822.494,25079893,176,0,1,1,847.474,17.7801
node,26,rx,-1,1385.54,821.564,25079893,176,0,1,4,837.359,17.7803
node,32,rx,-1,1336.58,827.036,25079893,176,0,12,4,1446.89,17.7803
node,90,rx,-1,1318.58,844.452,25079893,176,0,10,4,1471.94,17.7803
node,86,rx,-1,1406.21,759.203,25079893,176,1,11,4,1349.64,17.7803
node,78,rx,-1,1421.99,743.759,25079893,176,1,10,4,1327.57,17.7803
node,96,rx,-1,1467.01,720.426,25079893,176,1,0,4,1294.62,17.7803
node,120,rx,-1,1469.65,718.521,25079893,176,1,0,4,1295.13,17.7803
node,87,rx,-1,1455.71,704.325,25079893,176,1,8,4,1272.91,17.7803
node,131,rx,-1,1471.99,716.201,25079893,176,0,0,4,1295.11,17.7803
node,62,rx,-1,1204.77,636.238,25079893,176,0,6,4,1089.86,17.7803
node,135,rx,-1,1189.96,621.053,25079893,176,0,6,4,1111.07,17.7803
node,141,rx,-1,1176.69,607.461,25079893,176,0,2,4,1130.07,17.7803
node,71,tx,-1,1692.77,946.695,25079893,176,0,11,1,1029.87,17.9086
node,28,rx,-1,1744.36,994.677,25079893,176,0,7,5,1100.25,17.9544
node,59,rx,-1,1811.61,1059.4,25079893,176,0,8,5,1194.48,17.9544
node,113,rx,-1,1833.92,1082.31,25079893,176,0,11,5,1226.46,17.9544
node,11,rx,-1,1873.6,1128.85,25079893,176,0,12,5,1288.5,17.9544
node,120,rx,-1,1469.65,718.521,25079893,176,1,0,5,1295.13,17.9544
node,131,rx,-1,1471.99,716.201,25079893,176,0,0,5,1295.11,17.9544
node,96,rx,-1,1467.01,720.426,25079893,176,1,0,5,1294.62,17.9544
node,87,rx,-1,1455.71,704.325,25079893,176,1,8,5,1272.91,17.9544
node,120,tx,-1,1469.64,718.513,25079893,176,1,0,1,1295.12,18.0939
node,131,rx,-1,1471.99,716.201,25079893,176,0,0,4,1295.11,18.0941
node,96,rx,-1,1465.76,718.596,25079893,176,1,2,4,1292.31,18.0941
node,87,rx,-1,1446.54,699.676,25079893,176,1,9,4,1263.17,18.0941
node,78,rx,-1,1430.84,735.091,25079893,176,1,12,4,1315.18,18.0941
node,52,rx,-1,1424.49,677.228,25079893,176,0,11,4,1231.6,18.0941
node,86,rx,-1,1414.47,751.112,25079893,176,1,11,4,1338.08,18.0941
node,91,rx,-1,1401.97,654.304,25079893,176,0,9,4,1199.47,18.0941
node,1,rx,-1,1377.27,629.154,25079893,176,0,11,4,1164.22,18.0941
node,26,rx,-1,1387.52,823.608,25079893,176,0,2,4,834.507,18.0941
node,127,rx,-1,1379.09,820.967,25079893,176,0,2,4,845.297,18.0941
node,32,rx,-1,1344.63,819.242,25079893,176,0,11,4,1435.68,18.0941
node,90,rx,-1,1326.3,836.983,25079893,176,0,10,4,1461.2,18.0941
node,77,rx,-1,1291.09,530.263,25079893,176,0,12,4,1567.09,18.0941
node,71,rx,-1,1684.38,938.101,25079893,176,0,12,4,1017.86,18.0941
node,54,tx,-1,1087.89,1501.9,25079893,176,0,7,1,480.596,18.2598
node,140,rx,-1,1054.69,1487.14,25079893,176,0,5,5,776.17,18.2601
node,83,rx,-1,1136.76,1487.5,25079893,176,1,10,5,489.292,18.2601
node,34,rx,-1,1017.54,1500.44,25079893,176,0,11,5,550.946,18.2601
node,132,rx,-1,1009.34,1486.55,25079893,176,1,7,5,730.721,18.2601
node,101,rx,-1,1176.34,1488.32,25079893,176,1,9,5,528.878,18.2601
node,110,rx,-1,971.549,1485.89,25079893,176,1,11,5,692.918,18.2601
node,64,rx,-1,966.654,1489.11,25079893,176,0,12,5,688.074,18.2601
node,106,rx,-1,954.049,1499.71,25079893,176,0,7,5,614.422,18.2601
node,55,rx,-1,941.473,1485.37,25079893,176,1,11,5,662.83,18.2601
node,58,rx,-1,841.206,1504.53,25079893,176,0,12,5,727.194,18.2601
node,24,tx,-1,1017.22,1353.6,25079893,176,1,11,1,603.878,18.2822
node,12,tx,-1,1172.73,1387.87,25079893,176,1,6,1,326.979,18.3047
node,44,tx,-1,965.161,805.25,25079893,176,0,12,1,1162.71,18.3147
node,58,tx,-1,841.206,1504.53,25079893,176,0,12,1,727.194,18.3437
node,3,rx,-1,885.674,1455.71,25079893,176,1,5,4,429.243,18.3544
node,55,rx,-1,941.473,1485.37,25079893,176,1,11,4,662.83,18.3544
node,106,rx,-1,954.049,1499.71,25079893,176,0,7,4,614.422,18.3544
node,64,rx,-1,966.654,1489.11,25079893,176,0,12,4,688.074,18.3544
node,110,rx,-1,971.549,1485.89,25079893,176,1,11,4,692.918,18.3544
node,132,rx,-1,1009.34,1486.55,25079893,176,1,7,4,730.721,18.3544
node,34,rx,-1,1017.54,1500.44,25079893,176,0,11,4,550.946,18.3544
node,54,rx,-1,1087.89,1501.9,25079893,176,0,7,4,480.596,18.3544
node,83,rx,-1,1136.76,1487.5,25079893,176,1,10,4,489.292,18.3544
node,101,rx,-1,1176.34,1488.32,25079893,176,1,9,4,528.878,18.3544
node,10,rx,-1,980.09,792.315,25079893,176,0,11,4,1132.65,18.3546
node,16,rx,-1,1024.51,747.495,25079893,176,0,11,4,1079.9,18.3546
node,84,rx,-1,792.907,976.264,25079893,176,0,10,4,868.041,18.3546
node,141,rx,-1,1178.71,609.533,25079893,176,0,2,4,1127.17,18.3546
node,81,rx,-1,1208.87,1408.06,25079893,176,1,10,4,357.052,18.3546
node,89,rx,-1,1138.78,1419.68,25079893,176,1,8,4,373.497,18.3546
node,50,rx,-1,1253.39,1318.22,25079893,176,0,11,4,734.101,18.3546
node,122,rx,-1,1388.41,1184.19,25079893,176,0,8,4,1091.04,18.3546
node,76,rx,-1,1412.73,1160.32,25079893,176,0,12,4,1056.96,18.3546
node,78,tx,-1,1430.84,735.091,25079893,176,1,12,1,1315.18,18.3988
node,86,rx,-1,1414.47,751.112,25079893,176,1,11,4,1338.08,18.399
node,96,rx,-1,1465.76,718.596,25079893,176,1,2,4,1292.31,18.399
node,87,rx,-1,1446.54,699.676,25079893,176,1,9,4,1263.17,18.399
node,120,rx,-1,1469.64,718.513,25079893,176,1,0,4,1295.12,18.399
node,131,rx,-1,1471.99,716.201,25079893,176,0,0,4,1295.11,18.399
node,52,rx,-1,1424.49,677.228,25079893,176,0,11,4,1231.6,18.399
node,26,rx,-1,1387.52,823.608,25079893,176,0,2,4,834.507,18.399
node,127,rx,-1,1379.09,820.967,25079893,176,0,2,4,845.297,18.399
node,32,rx,-1,1344.63,819.242,25079893,176,0,11,4,1435.68,18.399
node,90,rx,-1,1326.3,836.983,25079893,176,0,10,4,1461.2,18.399
node,1,tx,-1,1377.27,629.154,25079893,176,0,11,1,1164.22,18.4636
node,91,rx,-1,1401.97,654.304,25079893,176,0,9,5,1199.47,18.4639
node,79,rx,-1,1384.09,582.532,25079893,176,0,9,5,1171.94,18.4639
node,52,rx,-1,1424.49,677.228,25079893,176,0,11,5,1231.6,18.4639
node,87,rx,-1,1446.54,699.676,25079893,176,1,9,5,1263.17,18.4639
node,96,rx,-1,1465.76,718.596,25079893,176,1,2,5,1292.31,18.4639
node,120,rx,-1,1469.64,718.513,25079893,176,1,0,5,1295.12,18.4639
node,131,rx,-1,1471.99,716.201,25079893,176,0,0,5,1295.11,18.4639
node,77,rx,-1,1291.09,530.263,25079893,176,0,12,5,1567.09,18.4639
node,20,rx,-1,1392.76,450.531,25079893,176,0,10,5,1365.39,18.4639
node,52,tx,-1,1424.49,677.228,25079893,176,0,11,1,1231.6,18.621
node,87,rx,-1,1446.54,699.676,25079893,176,1,9,4,1263.17,18.6543
node,91,rx,-1,1401.97,654.304,25079893,176,0,9,4,1199.47,18.6543
node,78,rx,-1,1430.84,735.091,25079893,176,1,12,4,1315.18,18.6543
node,96,rx,-1,1465.76,718.596,25079893,176,1,2,4,1292.31,18.6543
node,120,rx,-1,1469.64,718.513,25079893,176,1,0,4,1295.12,18.6543
node,131,rx,-1,1471.99,716.201,25079893,176,0,0,4,1295.11,18.6543
node,1,rx,-1,1377.27,629.154,25079893,176,0,11,4,1164.22,18.6543
node,77,rx,-1,1291.09,530.263,25079893,176,0,12,4,1567.09,18.6543
node,77,tx,-1,1291.09,530.263,25079893,176,0,12,1,1567.09,18.829
node,79,rx,-1,1384.09,582.532,25079893,176,0,9,5,1171.94,18.8546
node,33,rx,-1,1398.23,568.705,25079893,176,0,7,5,1191.71,18.8546
node,111,rx,-1,1411.51,555.713,25079893,176,0,10,5,1210.29,18.8546
node,20,rx,-1,1392.76,450.531,25079893,176,0,10,5,1365.39,18.8546
node,1,rx,-1,1377.27,629.154,25079893,176,0,11,5,1164.22,18.8546
node,119,rx,-1,1424.27,543.237,25079893,176,0,5,5,1228.14,18.8546
node,9,rx,-1,1433.69,492.446,25079893,176,0,12,5,1306.81,18.8546
node,91,rx,-1,1401.97,654.304,25079893,176,0,9,5,1199.47,18.8546
node,52,rx,-1,1424.49,677.228,25079893,176,0,11,5,1231.6,18.8546
node,87,rx,-1,1446.54,699.676,25079893,176,1,9,5,1263.17,18.8546
node,96,rx,-1,1465.76,718.596,25079893,176,1,2,5,1292.31,18.8546
node,131,rx,-1,1471.99,716.201,25079893,176,0,0,5,1295.11,18.8546
node,120,rx,-1,1469.64,718.513,25079893,176,1,0,5,1295.12,18.8546
node,50,tx,-1,1253.39,1318.22,25079893,176,0,11,1,734.101,18.9514
node,12,rx,-1,1172.73,1387.87,25079893,176,1,6,4,326.979,18.9545
node,89,rx,-1,1138.78,1419.68,25079893,176,1,8,4,373.497,18.9545
node,122,rx,-1,1388.41,1184.19,25079893,176,0,8,4,1091.04,18.9545
node,76,rx,-1,1412.73,1160.32,25079893,176,0,12,4,1056.96,18.9545
node,140,rx,-1,1054.69,1487.14,25079893,176,0,5,4,776.17,18.9545
node,61,rx,-1,1560.35,1196.66,25079893,176,0,10,4,843.185,18.9545
node,62,tx,-1,1213.56,645.241,25079893,176,0,6,1,1077.28,19.0197
node,144,tx,-1,824.91,1364.85,25079893,176,0,3,1,306.05,19.0267
node,113,tx,-1,1819.28,1067.28,25079893,176,0,10,1,1205.47,19.0493
node,59,rx,-1,1799.39,1046.86,25079893,176,0,9,6,1176.97,19.0543
node,11,rx,-1,1856.63,1110.91,25079893,176,0,12,6,1263.8,19.0543
node,28,rx,-1,1729.49,984.232,25079893,176,0,9,6,1082.37,19.0543
node,70,rx,-1,1931.5,1206.25,25079893,176,0,5,6,1391.12,19.0543
node,42,rx,-1,1946.84,1210.46,25079893,176,0,12,6,1398.06,19.0543
node,71,rx,-1,1676.85,930.388,25079893,176,0,10,6,1006.98,19.0543
node,135,rx,-1,1197.1,628.372,25079893,176,0,5,5,1100.85,19.0544
node,141,rx,-1,1180.87,611.737,25079893,176,0,3,5,1124.09,19.0544
node,6,rx,-1,1273.64,690.775,25079893,176,0,11,5,1018.31,19.0544
node,127,rx,-1,1379.11,820.945,25079893,176,0,0,5,845.265,19.0544
node,26,rx,-1,1388.17,824.276,25079893,176,0,0,5,833.576,19.0544
node,35,rx,-1,815.117,1375.94,25079893,176,1,7,4,321.081,19.0544
node,136,rx,-1,840.917,1349.46,25079893,176,0,9,4,283.872,19.0544
node,117,rx,-1,815.284,1389.14,25079893,176,1,9,4,745.122,19.0544
node,74,rx,-1,823.264,1392.31,25079893,176,1,6,4,340.279,19.0544
node,18,rx,-1,795.338,1364.31,25079893,176,1,3,4,343.857,19.0544
node,145,rx,-1,785.511,1356.19,25079893,176,1,0,4,356.756,19.0544
node,72,rx,-1,860.76,1329.81,25079893,176,1,11,4,255.949,19.0544
node,49,rx,-1,764.003,1333.7,25079893,176,0,11,4,388.079,19.0544
node,22,rx,-1,877.818,1313.12,25079893,176,0,12,4,232.063,19.0544
node,118,rx,-1,748.02,1316.75,25079893,176,0,11,4,411.477,19.0544
node,66,rx,-1,894.906,1296.5,25079893,176,0,11,4,208.221,19.0544
node,105,rx,-1,908.203,1281.24,25079893,176,1,3,4,187.653,19.0544
node,15,rx,-1,928.711,1261.18,25079893,176,0,7,4,158.762,19.0544
node,60,rx,-1,1029.72,1162.35,25079893,176,1,0,4,17.4314,19.0544
node,88,rx,-1,1036.4,1155.82,25079893,176,1,0,4,8.0883,19.0544
node,91,tx,-1,1395.3,647.511,25079893,176,0,9,1,1189.95,19.0781
node,52,rx,-1,1416,668.585,25079893,176,0,12,5,1219.49,19.0784
node,1,rx,-1,1368.77,620.5,25079893,176,0,12,5,1151.99,19.0784
node,79,rx,-1,1377.88,588.633,25079893,176,0,8,5,1163.22,19.0784
node,87,rx,-1,1438.96,691.959,25079893,176,1,10,5,1252.35,19.0784
node,96,rx,-1,1463.78,715.073,25079893,176,1,4,5,1288.05,19.0784
node,120,rx,-1,1469.64,718.511,25079893,176,1,0,5,1295.11,19.0784
node,131,rx,-1,1471.99,716.201,25079893,176,0,0,5,1295.11,19.0784
node,77,rx,-1,1283.3,521.712,25079893,176,0,11,5,1555.5,19.0784
node,59,tx,-1,1799.39,1046.86,25079893,176,0,9,1,1176.97,19.1823
node,113,rx,-1,1819.28,1067.28,25079893,176,0,10,6,1205.47,19.1825
node,19,rx,-1,1732.06,1029.29,25079893,176,0,1,6,1299.97,19.1825
node,11,rx,-1,1856.63,1110.91,25079893,176,0,12,6,1263.8,19.1825
node,28,rx,-1,1729.49,984.232,25079893,176,0,9,6,1082.37,19.1825
node,71,rx,-1,1676.85,930.388,25079893,176,0,10,6,1006.98,19.1825
node,70,rx,-1,1931.5,1206.25,25079893,176,0,5,6,1391.12,19.1825
node,42,rx,-1,1946.84,1210.46,25079893,176,0,12,6,1398.06,19.1825
node,20,tx,-1,1400.27,458.225,25079893,176,0,10,1,1354.64,19.2282
node,34,tx,-1,1028.84,1500.68,25079893,176,0,11,1,539.667,19.254
node,140,rx,-1,1048.87,1487.14,25079893,176,0,5,4,770.267,19.2544
node,132,rx,-1,999.772,1486.38,25079893,176,1,9,4,721.153,19.2544
node,106,rx,-1,962.641,1499.89,25079893,176,0,8,4,605.819,19.2544
node,54,rx,-1,1096.05,1502.12,25079893,176,0,8,4,472.43,19.2544
node,110,rx,-1,959.187,1485.68,25079893,176,1,12,4,680.552,19.2544
node,64,rx,-1,955.497,1488.92,25079893,176,0,11,4,676.914,19.2544
node,83,rx,-1,1125.35,1487.26,25079893,176,1,11,4,477.875,19.2544
node,55,rx,-1,928.564,1485.16,25079893,176,1,12,4,649.926,19.2544
node,101,rx,-1,1165.22,1488.09,25079893,176,1,11,4,517.752,19.2544
node,58,rx,-1,853.049,1504.7,25079893,176,0,11,4,715.347,19.2544
node,9,rx,-1,1442.73,501.69,25079893,176,0,12,6,1293.88,19.2544
node,119,rx,-1,1420.12,547.294,25079893,176,0,5,6,1222.33,19.2544
node,111,rx,-1,1406.35,560.758,25079893,176,0,7,6,1203.08,19.2544
node,33,rx,-1,1391.88,574.909,25079893,176,0,8,6,1182.84,19.2544
node,79,rx,-1,1377.88,588.633,25079893,176,0,8,6,1163.22,19.2544
node,77,rx,-1,1283.3,521.712,25079893,176,0,11,6,1555.5,19.2544
node,1,rx,-1,1368.77,620.5,25079893,176,0,12,6,1151.99,19.2544
node,104,rx,-1,1639.88,701.892,25079893,176,0,11,6,1012.3,19.2544
node,112,tx,-1,737.884,544.867,25079893,176,0,6,1,1331.58,19.2842
node,139,rx,-1,758.288,565.22,25079893,176,0,1,4,1360.35,19.2845
node,146,rx,-1,761.25,571.48,25079893,176,0,0,4,1394.23,19.2845
node,46,rx,-1,725.297,591.891,25079893,176,0,11,4,1435.58,19.2845
node,36,rx,-1,698.689,504.48,25079893,176,0,6,4,1272.12,19.2845
node,48,rx,-1,644.72,638.155,25079893,176,0,7,4,1083.82,19.2845
node,10,rx,-1,971.221,783.04,25079893,176,0,12,4,1119.84,19.2845
node,16,tx,-1,1032.43,739.766,25079893,176,0,11,1,1068.83,19.333
node,10,rx,-1,971.221,783.04,25079893,176,0,12,4,1119.84,19.3545
node,44,rx,-1,971.834,798.729,25079893,176,0,9,4,1153.38,19.3545
node,141,rx,-1,1180.87,611.737,25079893,176,0,3,4,1124.09,19.3545
node,135,rx,-1,1197.1,628.372,25079893,176,0,5,4,1100.85,19.3545
node,84,rx,-1,798.469,967.896,25079893,176,0,10,4,857.174,19.3545
node,135,tx,-1,1197.1,628.372,25079893,176,0,5,1,1100.85,19.4876
node,141,rx,-1,1180.87,611.737,25079893,176,0,3,5,1124.09,19.4878
node,62,rx,-1,1213.56,645.241,25079893,176,0,6,5,1077.28,19.4878
node,6,rx,-1,1273.64,690.775,25079893,176,0,11,5,1018.31,19.4878
node,16,rx,-1,1032.43,739.766,25079893,176,0,11,5,1068.83,19.4878
node,127,rx,-1,1379.11,820.945,25079893,176,0,0,5,845.265,19.4878
node,26,rx,-1,1388.17,824.276,25079893,176,0,0,5,833.576,19.4878
node,10,rx,-1,971.221,783.04,25079893,176,0,12,5,1119.84,19.4878
node,76,tx,-1,1421.99,1151.23,25079893,176,0,12,1,1044,19.6517
node,122,rx,-1,1394.72,1177.99,25079893,176,0,8,4,1082.2,19.6544
node,50,rx,-1,1262.39,1309.53,25079893,176,0,12,4,721.597,19.6544
node,12,rx,-1,1174.81,1382.09,25079893,176,1,7,4,314.544,19.6544
node,83,tx,-1,1125.35,1487.26,25079893,176,1,11,1,477.875,19.75
node,54,rx,-1,1096.05,1502.12,25079893,176,0,8,5,472.43,19.7544
node,101,rx,-1,1165.22,1488.09,25079893,176,1,11,5,517.752,19.7544
node,140,rx,-1,1048.87,1487.14,25079893,176,0,5,5,770.267,19.7544
node,34,rx,-1,1028.84,1500.68,25079893,176,0,11,5,539.667,19.7544
node,132,rx,-1,999.772,1486.38,25079893,176,1,9,5,721.153,19.7544
node,106,rx,-1,962.641,1499.89,25079893,176,0,8,5,605.819,19.7544
node,110,rx,-1,959.187,1485.68,25079893,176,1,12,5,680.552,19.7544
node,64,rx,-1,955.497,1488.92,25079893,176,0,11,5,676.914,19.7544
node,55,rx,-1,928.564,1485.16,25079893,176,1,12,5,649.926,19.7544
node,58,rx,-1,853.049,1504.7,25079893,176,0,11,5,715.347,19.7544
node,70,tx,-1,1931.5,1206.25,25079893,176,0,5,1,1391.12,19.7791
node,42,rx,-1,1946.84,1210.46,25079893,176,0,12,7,1398.06,19.7793
node,116,rx,-1,1899.54,1238.15,25079893,176,0,11,7,1436.37,19.7793
node,11,rx,-1,1856.63,1110.91,25079893,176,0,12,7,1263.8,19.7793
node,4,rx,-1,1820.64,1315.58,25079893,176,0,10,7,1328.14,19.7793
node,113,rx,-1,1819.28,1067.28,25079893,176,0,10,7,1205.47,19.7793
node,59,rx,-1,1799.39,1046.86,25079893,176,0,9,7,1176.97,19.7793
node,148,rx,-1,1751.09,1384.8,25079893,176,0,0,7,1176.58,19.7793
node,100,rx,-1,1757.78,1391.94,25079893,176,0,7,7,1166.8,19.7793
node,28,rx,-1,1729.49,984.232,25079893,176,0,9,7,1082.37,19.7793
node,89,tx,-1,1146.9,1412.07,25079893,176,1,11,1,362.372,19.8175
node,12,rx,-1,1174.81,1382.09,25079893,176,1,7,4,314.544,19.8546
node,50,rx,-1,1262.39,1309.53,25079893,176,0,12,4,721.597,19.8546
node,122,rx,-1,1394.72,1177.99,25079893,176,0,8,4,1082.2,19.8546
node,141,tx,-1,1180.87,611.737,25079893,176,0,3,1,1124.09,19.8912
node,135,rx,-1,1197.1,628.372,25079893,176,0,5,5,1100.85,19.8915
node,62,rx,-1,1213.56,645.241,25079893,176,0,6,5,1077.28,19.8915
node,16,rx,-1,1032.43,739.766,25079893,176,0,11,5,1068.83,19.8915
node,10,rx,-1,971.221,783.04,25079893,176,0,12,5,1119.84,19.8915
node,44,rx,-1,971.834,798.729,25079893,176,0,9,5,1153.38,19.8915
node,127,rx,-1,1379.11,820.945,25079893,176,0,0,5,845.265,19.8915
node,26,rx,-1,1388.17,824.276,25079893,176,0,0,5,833.576,19.8915
node,140,tx,-1,1048.87,1487.14,25079893,176,0,5,1,770.267,19.9755
node,34,rx,-1,1028.84,1500.68,25079893,176,0,11,5,539.667,19.9757
node,132,rx,-1,999.772,1486.38,25079893,176,1,9,5,721.153,19.9757
node,54,rx,-1,1096.05,1502.12,25079893,176,0,8,5,472.43,19.9757
node,83,rx,-1,1125.35,1487.26,25079893,176,1,11,5,477.875,19.9757
node,106,rx,-1,962.641,1499.89,25079893,176,0,8,5,605.819,19.9757
node,110,rx,-1,959.187,1485.68,25079893,176,1,12,5,680.552,19.9757
node,64,rx,-1,955.497,1488.92,25079893,176,0,11,5,676.914,19.9757
node,101,rx,-1,1165.22,1488.09,25079893,176,1,11,5,517.752,19.9757
node,55,rx,-1,928.564,1485.16,25079893,176,1,12,5,649.926,19.9757
node,58,rx,-1,853.049,1504.7,25079893,176,0,11,5,715.347,19.9757
node,119,tx,-1,1420.12,547.294,25079893,176,0,5,1,1222.33,19.9993
node,111,rx,-1,1406.35,560.758,25079893,176,0,7,6,1203.08,19.9996
node,33,rx,-1,1391.88,574.909,25079893,176,0,8,6,1182.84,19.9996
node,9,rx,-1,1442.73,501.69,25079893,176,0,12,6,1293.88,19.9996
node,79,rx,-1,1377.88,588.633,25079893,176,0,8,6,1163.22,19.9996
node,20,rx,-1,1400.27,458.225,25079893,176,0,10,6,1354.64,19.9996
node,77,rx,-1,1283.3,521.712,25079893,176,0,11,6,1555.5,19.9996
node,6,rx,-1,1273.64,690.775,25079893,176,0,11,6,1018.31,19.9996
node,101,tx,-1,1155.23,1487.88,25079893,176,1,9,1,507.767,20.1205
node,83,rx,-1,1113.42,1487.03,25079893,176,1,11,5,465.891,20.1544
node,54,rx,-1,1099.7,1501.15,25079893,176,0,3,5,468.469,20.1544
node,140,rx,-1,1040.88,1487.05,25079893,176,0,7,5,762.269,20.1544
node,34,rx,-1,1041.43,1501.01,25079893,176,0,12,5,527.079,20.1544
node,132,rx,-1,987.647,1486.17,25079893,176,1,12,5,709.024,20.1544
node,106,rx,-1,972.775,1500.11,25079893,176,0,10,5,595.673,20.1544
node,110,rx,-1,947.82,1485.48,25079893,176,1,11,5,669.18,20.1544
node,64,rx,-1,943.783,1488.72,25079893,176,0,11,5,665.198,20.1544
node,55,rx,-1,915.802,1484.88,25079893,176,1,12,5,637.133,20.1544
node,58,rx,-1,863.714,1504.85,25079893,176,0,10,5,704.679,20.1544
node,11,tx,-1,1848.73,1101.1,25079893,176,0,12,1,1251.04,20.2261
node,111,tx,-1,1400.07,566.903,25079893,176,0,8,1,1194.29,20.2325
node,132,tx,-1,987.647,1486.17,25079893,176,1,12,1,709.024,20.2508
node,113,rx,-1,1810.57,1058.33,25079893,176,0,12,6,1192.98,20.2545
node,39,rx,-1,1797.69,1150.3,25079893,176,0,11,6,1137.09,20.2545
node,59,rx,-1,1794.04,1041.36,25079893,176,0,7,6,1169.3,20.2545
node,8,rx,-1,1772.76,1174.83,25079893,176,0,12,6,1102.11,20.2545
node,70,rx,-1,1933.98,1203.77,25079893,176,0,3,6,1387.61,20.2545
node,42,rx,-1,1938.07,1201.62,25079893,176,0,12,6,1385.63,20.2545
node,28,rx,-1,1721.12,975.687,25079893,176,0,11,6,1070.42,20.2545
node,143,rx,-1,1687.26,1256.54,25079893,176,0,5,6,983.731,20.2545
node,138,rx,-1,1668.57,1275.07,25079893,176,0,6,6,957.21,20.2545
node,71,rx,-1,1669.21,922.575,25079893,176,0,10,6,996.053,20.2545
node,123,rx,-1,1655.42,1288.1,25079893,176,0,5,6,938.693,20.2545
node,51,rx,-1,1630.24,1313.01,25079893,176,0,9,6,903.285,20.2545
node,33,rx,-1,1386.55,580.123,25079893,176,0,7,6,1175.38,20.2545
node,119,rx,-1,1415.02,552.289,25079893,176,0,7,6,1215.19,20.2545
node,79,rx,-1,1372.02,594.391,25079893,176,0,8,6,1155.01,20.2545
node,1,rx,-1,1360.82,612.4,25079893,176,0,11,6,1140.65,20.2545
node,9,rx,-1,1451.76,510.927,25079893,176,0,12,6,1280.97,20.2545
node,20,rx,-1,1408.1,466.235,25079893,176,0,11,6,1343.44,20.2545
node,77,rx,-1,1275.7,513.011,25079893,176,0,11,6,1543.92,20.2545
node,6,rx,-1,1265.07,699.129,25079893,176,0,11,6,1006.34,20.2545
node,106,rx,-1,972.775,1500.11,25079893,176,0,10,5,595.673,20.2546
node,110,rx,-1,947.82,1485.48,25079893,176,1,11,5,669.18,20.2546
node,64,rx,-1,943.783,1488.72,25079893,176,0,11,5,665.198,20.2546
node,140,rx,-1,1040.88,1487.05,25079893,176,0,7,5,762.269,20.2546
node,34,rx,-1,1041.43,1501.01,25079893,176,0,12,5,527.079,20.2546
node,55,rx,-1,915.802,1484.88,25079893,176,1,12,5,637.133,20.2546
node,54,rx,-1,1099.7,1501.15,25079893,176,0,3,5,468.469,20.2546
node,58,rx,-1,863.714,1504.85,25079893,176,0,10,5,704.679,20.2546
node,83,rx,-1,1113.42,1487.03,25079893,176,1,11,5,465.891,20.2546
node,101,rx,-1,1155.23,1487.88,25079893,176,1,9,5,507.767,20.2546
node,104,tx,-1,1647.6,709.879,25079893,176,0,11,1,1001.19,20.2622
node,80,rx,-1,1648.73,736.404,25079893,176,0,11,7,964.723,20.2625
node,5,rx,-1,1676.73,709.508,25079893,176,0,12,7,1003.55,20.2625
node,9,rx,-1,1451.76,510.927,25079893,176,0,12,7,1280.97,20.2625
node,20,rx,-1,1408.1,466.235,25079893,176,0,11,7,1343.44,20.2625
node,81,tx,-1,1189.71,1394.31,25079893,176,1,11,1,333.698,20.3674
node,12,rx,-1,1168.77,1375.62,25079893,176,1,8,5,305.699,20.3676
node,89,rx,-1,1155.77,1403.75,25079893,176,1,12,5,350.213,20.3676
node,61,tx,-1,1544.14,1212.84,25079893,176,0,11,1,820.289,20.3969
node,102,rx,-1,1549.6,1180.69,25079893,176,0,11,5,864.419,20.3971
node,29,rx,-1,1621.97,1133.76,25079893,176,1,1,5,931.245,20.3971
node,124,rx,-1,1629.19,1126.37,25079893,176,1,1,5,941.579,20.3971
node,19,rx,-1,1730.49,1030.7,25079893,176,0,2,5,1297.86,20.3971
node,57,rx,-1,1776.03,984.398,25079893,176,0,12,5,1143.83,20.3971
node,116,tx,-1,1907.02,1230.68,25079893,176,0,10,1,1425.8,20.4607
node,70,rx,-1,1933.98,1203.77,25079893,176,0,3,8,1387.61,20.4609
node,42,rx,-1,1938.07,1201.62,25079893,176,0,12,8,1385.63,20.4609
node,4,rx,-1,1829.66,1307.03,25079893,176,0,12,8,1315.61,20.4609
node,148,rx,-1,1752.23,1386.01,25079893,176,0,1,8,1174.92,20.4609
node,9,tx,-1,1451.76,510.927,25079893,176,0,12,1,1280.97,20.5059
node,119,rx,-1,1415.02,552.289,25079893,176,0,7,6,1215.19,20.5545
node,20,rx,-1,1408.1,466.235,25079893,176,0,11,6,1343.44,20.5545
node,111,rx,-1,1400.07,566.903,25079893,176,0,8,6,1194.29,20.5545
node,33,rx,-1,1386.55,580.123,25079893,176,0,7,6,1175.38,20.5545
node,79,rx,-1,1372.02,594.391,25079893,176,0,8,6,1155.01,20.5545
node,1,rx,-1,1360.82,612.4,25079893,176,0,11,6,1140.65,20.5545
node,77,rx,-1,1275.7,513.011,25079893,176,0,11,6,1543.92,20.5545
node,6,rx,-1,1265.07,699.129,25079893,176,0,11,6,1006.34,20.5545
node,104,rx,-1,1647.6,709.879,25079893,176,0,11,6,1001.19,20.5545
node,148,tx,-1,1752.23,1386.01,25079893,176,0,1,1,1174.92,20.5593
node,100,rx,-1,1762.91,1397.41,25079893,176,0,7,8,1159.3,20.5595
node,25,rx,-1,1789.3,1427.69,25079893,176,0,10,8,1119.13,20.5595
node,23,rx,-1,1804.46,1445.4,25079893,176,0,10,8,1095.81,20.5595
node,4,rx,-1,1829.66,1307.03,25079893,176,0,12,8,1315.61,20.5595
node,123,rx,-1,1655.42,1288.1,25079893,176,0,5,8,938.693,20.5595
node,116,rx,-1,1907.02,1230.68,25079893,176,0,10,8,1425.8,20.5595
node,70,rx,-1,1933.98,1203.77,25079893,176,0,3,8,1387.61,20.5595
node,42,rx,-1,1938.07,1201.62,25079893,176,0,12,8,1385.63,20.5595
node,102,rx,-1,1549.6,1180.69,25079893,176,0,11,8,864.419,20.5595
node,100,tx,-1,1762.91,1397.41,25079893,176,0,7,1,1159.3,20.5769
node,148,rx,-1,1752.23,1386.01,25079893,176,0,1,8,1174.92,20.5771
node,25,rx,-1,1789.3,1427.69,25079893,176,0,10,8,1119.13,20.5771
node,23,rx,-1,1804.46,1445.4,25079893,176,0,10,8,1095.81,20.5771
node,123,rx,-1,1655.42,1288.1,25079893,176,0,5,8,938.693,20.5771
node,102,rx,-1,1549.6,1180.69,25079893,176,0,11,8,864.419,20.5771
node,48,tx,-1,651.392,644.649,25079893,176,0,9,1,1074.51,20.6088
node,28,tx,-1,1721.12,975.687,25079893,176,0,11,1,1070.42,20.6302
node,69,rx,-1,695.326,688.228,25079893,176,0,3,5,1012.63,20.6544
node,46,rx,-1,734.63,586.593,25079893,176,0,10,5,1424.85,20.6544
node,146,rx,-1,761.25,571.48,25079893,176,0,0,5,1394.23,20.6544
node,139,rx,-1,755.948,562.921,25079893,176,0,3,5,1357.08,20.6544
node,112,rx,-1,732.998,539.809,25079893,176,0,7,5,1324.55,20.6544
node,36,rx,-1,692.234,509.793,25079893,176,0,8,5,1264.07,20.6544
node,57,rx,-1,1776.03,984.398,25079893,176,0,12,6,1143.83,20.6545
node,19,rx,-1,1730.49,1030.7,25079893,176,0,2,6,1297.86,20.6545
node,71,rx,-1,1669.21,922.575,25079893,176,0,10,6,996.053,20.6545
node,59,rx,-1,1794.04,1041.36,25079893,176,0,7,6,1169.3,20.6545
node,113,rx,-1,1810.57,1058.33,25079893,176,0,12,6,1192.98,20.6545
node,11,rx,-1,1848.73,1101.1,25079893,176,0,12,6,1251.04,20.6545
node,70,rx,-1,1933.98,1203.77,25079893,176,0,3,6,1387.61,20.6545
node,42,rx,-1,1938.07,1201.62,25079893,176,0,12,6,1385.63,20.6545
node,33,tx,-1,1386.55,580.123,25079893,176,0,7,1,1175.38,20.6978
node,111,rx,-1,1400.07,566.903,25079893,176,0,8,6,1194.29,20.698
node,79,rx,-1,1372.02,594.391,25079893,176,0,8,6,1155.01,20.698
node,119,rx,-1,1415.02,552.289,25079893,176,0,7,6,1215.19,20.698
node,1,rx,-1,1360.82,612.4,25079893,176,0,11,6,1140.65,20.698
node,9,rx,-1,1451.76,510.927,25079893,176,0,12,6,1280.97,20.698
node,20,rx,-1,1408.1,466.235,25079893,176,0,11,6,1343.44,20.698
node,77,rx,-1,1275.7,513.011,25079893,176,0,11,6,1543.92,20.698
node,6,rx,-1,1265.07,699.129,25079893,176,0,11,6,1006.34,20.698
node,139,tx,-1,755.948,562.921,25079893,176,0,3,1,1357.08,20.741
node,146,rx,-1,761.25,571.48,25079893,176,0,0,4,1394.23,20.7544
node,46,rx,-1,734.63,586.593,25079893,176,0,10,4,1424.85,20.7544
node,112,rx,-1,732.998,539.809,25079893,176,0,7,4,1324.55,20.7544
node,36,rx,-1,692.234,509.793,25079893,176,0,8,4,1264.07,20.7544
node,48,rx,-1,651.392,644.649,25079893,176,0,9,4,1074.51,20.7544
node,7,rx,-1,896.295,692.901,25079893,176,0,10,4,1009.42,20.7544
node,10,rx,-1,963.928,775.344,25079893,176,0,10,4,1109.23,20.7544
node,42,tx,-1,1938.07,1201.62,25079893,176,0,12,1,1385.63,20.7941
node,70,rx,-1,1933.98,1203.77,25079893,176,0,3,7,1387.61,20.7943
node,116,rx,-1,1907.02,1230.68,25079893,176,0,10,7,1425.8,20.7943
node,11,rx,-1,1848.73,1101.1,25079893,176,0,12,7,1251.04,20.7943
node,4,rx,-1,1829.66,1307.03,25079893,176,0,12,7,1315.61,20.7943
node,113,rx,-1,1810.57,1058.33,25079893,176,0,12,7,1192.98,20.7943
node,59,rx,-1,1794.04,1041.36,25079893,176,0,7,7,1169.3,20.7943
node,148,rx,-1,1752.23,1386.01,25079893,176,0,1,7,1174.92,20.7943
node,28,rx,-1,1721.12,975.687,25079893,176,0,11,7,1070.42,20.7943
node,36,tx,-1,692.234,509.793,25079893,176,0,8,1,1264.07,20.8948
node,112,rx,-1,732.998,539.809,25079893,176,0,7,5,1324.55,20.895
node,139,rx,-1,755.948,562.921,25079893,176,0,3,5,1357.08,20.895
node,46,rx,-1,734.63,586.593,25079893,176,0,10,5,1424.85,20.895
node,146,rx,-1,761.25,571.48,25079893,176,0,0,5,1394.23,20.895
node,48,rx,-1,651.392,644.649,25079893,176,0,9,5,1074.51,20.895
node,7,rx,-1,896.295,692.901,25079893,176,0,10,5,1009.42,20.895
node,68,rx,-1,403.595,390.475,25079893,176,1,12,5,1429.64,20.895
node,146,tx,-1,761.25,571.48,25079893,176,0,0,1,1394.23,20.9897
node,139,rx,-1,755.948,562.921,25079893,176,0,3,5,1357.08,20.99
node,46,rx,-1,734.63,586.593,25079893,176,0,10,5,1424.85,20.99
node,112,rx,-1,732.998,539.809,25079893,176,0,7,5,1324.55,20.99
node,36,rx,-1,692.234,509.793,25079893,176,0,8,5,1264.07,20.99
node,48,rx,-1,651.392,644.649,25079893,176,0,9,5,1074.51,20.99
node,7,rx,-1,896.295,692.901,25079893,176,0,10,5,1009.42,20.99
node,10,rx,-1,963.928,775.344,25079893,176,0,10,5,1109.23,20.99
node,73,rx,-1,1008.04,816.206,25079893,176,0,11,5,1176.29,20.99
node,138,tx,-1,1663.02,1280.57,25079893,176,0,7,1,949.4,21.0342
node,123,rx,-1,1651.18,1292.29,25079893,176,0,5,7,932.738,21.0544
node,143,rx,-1,1682.98,1260.79,25079893,176,0,6,7,977.694,21.0544
node,51,rx,-1,1622.92,1320.26,25079893,176,0,10,7,892.99,21.0544
node,8,rx,-1,1764.77,1182.7,25079893,176,0,11,7,1090.8,21.0544
node,39,rx,-1,1788.7,1159.15,25079893,176,0,12,7,1124.47,21.0544
node,115,rx,-1,1495.05,1447.04,25079893,176,0,8,7,712.682,21.0544
node,65,rx,-1,1480.63,1461.36,25079893,176,0,4,7,692.36,21.0544
node,11,rx,-1,1842.23,1090.86,25079893,176,0,12,7,1238.38,21.0544
node,107,rx,-1,1475.07,1466.88,25079893,176,0,0,7,684.424,21.0544
node,21,rx,-1,1469.74,1472.17,25079893,176,0,0,7,676.923,21.0544
node,79,tx,-1,1369.15,597.217,25079893,176,0,4,1,1150.98,21.0939
node,33,rx,-1,1380.73,585.819,25079893,176,0,8,6,1167.23,21.0941
node,1,rx,-1,1353.27,613.486,25079893,176,0,11,6,1129.29,21.0941
node,111,rx,-1,1394.66,572.192,25079893,176,0,7,6,1186.72,21.0941
node,91,rx,-1,1379.79,631.722,25079893,176,0,11,6,1167.82,21.0941
node,119,rx,-1,1408.78,558.39,25079893,176,0,8,6,1206.46,21.0941
node,52,rx,-1,1401.27,653.594,25079893,176,0,10,6,1198.47,21.0941
node,87,rx,-1,1422.72,675.423,25079893,176,1,11,6,1229.07,21.0941
node,9,rx,-1,1459.82,519.16,25079893,176,0,11,6,1269.45,21.0941
node,20,rx,-1,1416.35,474.684,25079893,176,0,11,6,1331.63,21.0941
node,77,rx,-1,1275.08,503.196,25079893,176,0,12,6,1531.52,21.0941
node,78,rx,-1,1454.9,708.368,25079893,176,1,12,6,1275.23,21.0941
node,96,rx,-1,1460.25,704.883,25079893,176,1,5,6,1276.64,21.0941
node,120,rx,-1,1466.98,720.385,25079893,176,1,0,6,1294.56,21.0941
node,131,rx,-1,1469.64,718.511,25079893,176,0,0,6,1295.11,21.0941
node,6,rx,-1,1256,707.955,25079893,176,0,12,6,993.686,21.0941
node,5,tx,-1,1670.04,716.035,25079893,176,0,9,1,994.207,21.1091
node,104,rx,-1,1656,718.567,25079893,176,0,12,8,989.102,21.1543
node,80,rx,-1,1640.94,743.773,25079893,176,0,10,8,953.995,21.1543
node,9,rx,-1,1459.82,519.16,25079893,176,0,11,8,1269.45,21.1543
node,124,tx,-1,1627.84,1127.75,25079893,176,1,1,1,939.639,21.2373
node,29,rx,-1,1621.42,1134.32,25079893,176,1,0,6,930.463,21.2543
node,137,rx,-1,1679.48,1123.16,25079893,176,1,1,6,1173.23,21.2543
node,102,rx,-1,1558.36,1189.64,25079893,176,0,12,6,851.897,21.2543
node,61,rx,-1,1536.47,1220.55,25079893,176,0,10,6,809.412,21.2543
node,19,rx,-1,1729.38,1031.7,25079893,176,0,1,6,1296.37,21.2543
node,57,rx,-1,1768.87,991.767,25079893,176,0,10,6,1133.56,21.2543
node,43,rx,-1,1790.83,968.997,25079893,176,0,9,6,1165.2,21.2543
node,95,rx,-1,1804.53,954.735,25079893,176,0,11,6,1184.98,21.2543
node,23,tx,-1,1811.77,1453.95,25079893,176,0,11,1,1084.57,21.4697
node,25,rx,-1,1796.24,1435.8,25079893,176,0,10,9,1108.45,21.4699
node,100,rx,-1,1768.73,1403.65,25079893,176,0,8,9,1150.77,21.4699
node,148,rx,-1,1754.85,1388.81,25079893,176,0,3,9,1171.09,21.4699
node,123,rx,-1,1651.18,1292.29,25079893,176,0,5,9,932.738,21.4699
node,6,tx,-1,1256,707.955,25079893,176,0,12,1,993.686,21.481
node,62,rx,-1,1221.14,653.009,25079893,176,0,5,6,1066.43,21.4812
node,135,rx,-1,1205.15,636.619,25079893,176,0,5,6,1089.32,21.4812
node,141,rx,-1,1189.92,621.012,25079893,176,0,7,6,1111.13,21.4812
node,1,rx,-1,1353.27,613.486,25079893,176,0,11,6,1129.29,21.4812
node,79,rx,-1,1369.15,597.217,25079893,176,0,4,6,1150.98,21.4812
node,33,rx,-1,1380.73,585.819,25079893,176,0,8,6,1167.23,21.4812
node,111,rx,-1,1394.66,572.192,25079893,176,0,7,6,1186.72,21.4812
node,119,rx,-1,1408.78,558.39,25079893,176,0,8,6,1206.46,21.4812
node,9,rx,-1,1459.82,519.16,25079893,176,0,11,6,1269.45,21.4812
node,8,tx,-1,1764.77,1182.7,25079893,176,0,11,1,1090.8,21.6139
node,68,tx,-1,412.608,399.577,25079893,176,1,12,1,1416.83,21.6257
node,36,rx,-1,685.52,516.378,25079893,176,0,9,6,1254.67,21.6544
node,112,rx,-1,728.038,534.66,25079893,176,0,7,6,1317.4,21.6544
node,39,rx,-1,1788.7,1159.15,25079893,176,0,12,7,1124.47,21.6545
node,143,rx,-1,1682.98,1260.79,25079893,176,0,6,7,977.694,21.6545
node,11,rx,-1,1842.23,1090.86,25079893,176,0,12,7,1238.38,21.6545
node,138,rx,-1,1663.02,1280.57,25079893,176,0,7,7,949.4,21.6545
node,123,rx,-1,1651.18,1292.29,25079893,176,0,5,7,932.738,21.6545
node,51,rx,-1,1622.92,1320.26,25079893,176,0,10,7,892.99,21.6545
node,123,tx,-1,1651.18,1292.29,25079893,176,0,5,1,932.738,21.6762
node,138,rx,-1,1663.02,1280.57,25079893,176,0,7,7,949.4,21.6764
node,51,rx,-1,1622.92,1320.26,25079893,176,0,10,7,892.99,21.6764
node,143,rx,-1,1682.98,1260.79,25079893,176,0,6,7,977.694,21.6764
node,102,rx,-1,1558.36,1189.64,25079893,176,0,12,7,851.897,21.6764
node,148,rx,-1,1754.85,1388.81,25079893,176,0,3,7,1171.09,21.6764
node,8,rx,-1,1764.77,1182.7,25079893,176,0,11,7,1090.8,21.6764
node,100,rx,-1,1768.73,1403.65,25079893,176,0,8,7,1150.77,21.6764
node,39,rx,-1,1788.7,1159.15,25079893,176,0,12,7,1124.47,21.6764
node,25,rx,-1,1796.24,1435.8,25079893,176,0,10,7,1108.45,21.6764
node,115,rx,-1,1495.05,1447.04,25079893,176,0,8,7,712.682,21.6764
node,23,rx,-1,1811.77,1453.95,25079893,176,0,11,7,1084.57,21.6764
node,65,rx,-1,1480.63,1461.36,25079893,176,0,4,7,692.36,21.6764
node,107,rx,-1,1475.07,1466.88,25079893,176,0,0,7,684.424,21.6764
node,21,rx,-1,1469.74,1472.17,25079893,176,0,0,7,676.923,21.6764
node,11,rx,-1,1842.23,1090.86,25079893,176,0,12,7,1238.38,21.6764
node,145,tx,-1,788.765,1359.65,25079893,176,1,2,1,352.006,21.7747
node,49,rx,-1,777.873,1348.4,25079893,176,0,8,5,367.883,21.775
node,18,rx,-1,801.445,1370.93,25079893,176,1,4,5,334.842,21.775
node,35,rx,-1,818.579,1366.32,25079893,176,1,4,5,311.646,21.775
node,74,rx,-1,815.947,1382.38,25079893,176,1,5,5,327.619,21.775
node,118,rx,-1,763.247,1332.9,25079893,176,0,11,5,389.182,21.775
node,144,rx,-1,833.149,1357.03,25079893,176,0,6,5,294.687,21.775
node,117,rx,-1,832.442,1406.08,25079893,176,1,12,5,721.006,21.775
node,134,rx,-1,839.818,1408.77,25079893,176,1,9,5,363.618,21.775
node,136,rx,-1,856.297,1334.23,25079893,176,0,10,5,262.231,21.775
node,142,rx,-1,728.695,1296.25,25079893,176,0,5,5,439.649,21.775
node,97,rx,-1,857.98,1427.55,25079893,176,1,9,5,389.747,21.775
node,72,rx,-1,876.867,1314.04,25079893,176,1,12,5,233.389,21.775
node,3,rx,-1,871.781,1441.56,25079893,176,1,5,5,409.413,21.775
node,22,rx,-1,894.242,1297.14,25079893,176,0,11,5,209.147,21.775
node,105,rx,-1,915.527,1274.08,25079893,176,1,4,5,177.207,21.775
node,55,rx,-1,904.448,1484.6,25079893,176,1,11,5,625.776,21.775
node,15,rx,-1,940.479,1249.67,25079893,176,0,7,5,142.299,21.775
node,64,rx,-1,931.709,1488.51,25079893,176,0,12,5,653.121,21.775
node,60,rx,-1,1031.08,1161.03,25079893,176,1,1,5,15.5309,21.775
node,88,rx,-1,1036.8,1155.43,25079893,176,1,0,5,7.53475,21.775
node,102,tx,-1,1557.66,1199.25,25079893,176,0,12,1,839.449,22.0528
node,61,rx,-1,1528.15,1228.92,25079893,176,0,11,6,797.615,22.0544
node,29,rx,-1,1620.6,1135.16,25079893,176,1,1,6,929.287,22.0544
node,124,rx,-1,1626.96,1128.65,25079893,176,1,1,6,938.392,22.0544
node,138,rx,-1,1658.61,1284.94,25079893,176,0,6,6,943.19,22.0544
node,19,rx,-1,1727.97,1032.98,25079893,176,0,1,6,1294.46,22.0544
node,149,rx,-1,1751.09,1384.8,25079893,176,0,0,6,1176.58,22.0544
node,148,rx,-1,1758.18,1392.37,25079893,176,0,4,6,1166.21,22.0544
node,57,rx,-1,1763.94,996.809,25079893,176,0,7,6,1126.51,22.0544
node,100,rx,-1,1774.77,1410.71,25079893,176,0,9,6,1141.48,22.0544
node,43,rx,-1,1783.99,976.111,25079893,176,0,9,6,1155.33,22.0544
node,95,rx,-1,1797.89,961.641,25079893,176,0,9,6,1175.4,22.0544
node,25,rx,-1,1803.63,1444.43,25079893,176,0,11,6,1097.09,22.0544
node,107,tx,-1,1475.07,1466.88,25079893,176,0,0,1,684.424,22.0998
node,21,rx,-1,1469.74,1472.17,25079893,176,0,0,8,676.923,22.1
node,65,rx,-1,1480.46,1461.53,25079893,176,0,0,8,692.117,22.1
node,115,rx,-1,1490.6,1451.46,25079893,176,0,6,8,706.41,22.1
node,51,rx,-1,1614.4,1328.69,25079893,176,0,11,8,881.003,22.1
node,123,rx,-1,1645.62,1297.79,25079893,176,0,7,8,924.921,22.1
node,138,rx,-1,1658.61,1284.94,25079893,176,0,6,8,943.19,22.1
node,143,rx,-1,1677.62,1266.1,25079893,176,0,7,8,970.142,22.1
node,95,tx,-1,1797.89,961.641,25079893,176,0,9,1,1175.4,22.1282
node,43,rx,-1,1783.99,976.111,25079893,176,0,9,7,1155.33,22.1543
node,57,rx,-1,1763.94,996.809,25079893,176,0,7,7,1126.51,22.1543
node,19,rx,-1,1727.97,1032.98,25079893,176,0,1,7,1294.46,22.1543
node,124,rx,-1,1626.96,1128.65,25079893,176,1,1,7,938.392,22.1543
node,29,rx,-1,1620.6,1135.16,25079893,176,1,1,7,929.287,22.1543
node,102,rx,-1,1557.66,1199.25,25079893,176,0,12,7,839.449,22.1543
node,19,tx,-1,1727.97,1032.98,25079893,176,0,1,1,1294.46,22.1557
node,57,rx,-1,1763.94,996.809,25079893,176,0,7,7,1126.51,22.156
node,59,rx,-1,1782.22,1029.23,25079893,176,0,7,7,1152.37,22.156
node,43,rx,-1,1783.99,976.111,25079893,176,0,9,7,1155.33,22.156
node,95,rx,-1,1797.89,961.641,25079893,176,0,9,7,1175.4,22.156
node,124,rx,-1,1626.96,1128.65,25079893,176,1,1,7,938.392,22.156
node,29,rx,-1,1620.6,1135.16,25079893,176,1,1,7,929.287,22.156
node,102,rx,-1,1557.66,1199.25,25079893,176,0,12,7,839.449,22.156
node,61,rx,-1,1528.15,1228.92,25079893,176,0,11,7,797.615,22.156
node,46,tx,-1,749.309,578.259,25079893,176,0,7,1,1407.97,22.262
node,146,rx,-1,762.215,570.188,25079893,176,0,1,5,1392.53,22.2623
node,139,rx,-1,748.787,555.841,25079893,176,0,6,5,1347.02,22.2623
node,112,rx,-1,721.453,527.824,25079893,176,0,9,5,1307.9,22.2623
node,36,rx,-1,677.959,523.794,25079893,176,0,10,5,1244.08,22.2623
node,57,tx,-1,1763.94,996.809,25079893,176,0,7,1,1126.51,22.3484
node,43,rx,-1,1783.99,976.111,25079893,176,0,9,6,1155.33,22.3546
node,59,rx,-1,1782.22,1029.23,25079893,176,0,7,6,1152.37,22.3546
node,95,rx,-1,1797.89,961.641,25079893,176,0,9,6,1175.4,22.3546
node,19,rx,-1,1727.97,1032.98,25079893,176,0,1,6,1294.46,22.3546
node,113,rx,-1,1794.01,1046.06,25079893,176,0,10,6,1172.64,22.3546
node,28,rx,-1,1705.3,959.529,25079893,176,0,12,6,1047.8,22.3546
node,11,rx,-1,1834.02,1082.42,25079893,176,0,11,6,1226.61,22.3546
node,71,rx,-1,1654.22,907.437,25079893,176,0,10,6,974.719,22.3546
node,124,rx,-1,1626.96,1128.65,25079893,176,1,1,6,938.392,22.3546
node,29,rx,-1,1620.6,1135.16,25079893,176,1,1,6,929.287,22.3546
node,42,rx,-1,1921.89,1184.57,25079893,176,0,12,6,1362.18,22.3546
node,70,rx,-1,1935.24,1202.44,25079893,176,0,1,6,1385.78,22.3546
node,102,rx,-1,1557.66,1199.25,25079893,176,0,12,6,839.449,22.3546
node,61,rx,-1,1528.15,1228.92,25079893,176,0,11,6,797.615,22.3546
node,39,tx,-1,1780.03,1167.68,25079893,176,0,12,1,1112.31,22.3649
node,8,rx,-1,1756.76,1190.58,25079893,176,0,11,7,1079.56,22.3652
node,143,rx,-1,1677.62,1266.1,25079893,176,0,7,7,970.142,22.3652
node,138,rx,-1,1658.61,1284.94,25079893,176,0,6,7,943.19,22.3652
node,123,rx,-1,1645.62,1297.79,25079893,176,0,7,7,924.921,22.3652
node,51,rx,-1,1614.4,1328.69,25079893,176,0,11,7,881.003,22.3652
node,4,tx,-1,1853.08,1305.05,25079893,176,0,11,1,1291.7,22.5439
node,8,rx,-1,1756.76,1190.58,25079893,176,0,11,8,1079.56,22.5544
node,40,rx,-1,1687.54,1131.42,25079893,176,1,1,8,1161.69,22.5544
node,137,rx,-1,1679.87,1123.56,25079893,176,1,0,8,1172.67,22.5544
node,51,tx,-1,1614.4,1328.69,25079893,176,0,11,1,881.003,22.631
node,123,rx,-1,1645.62,1297.79,25079893,176,0,7,7,924.921,22.6546
node,138,rx,-1,1658.61,1284.94,25079893,176,0,6,7,943.19,22.6546
node,143,rx,-1,1677.62,1266.1,25079893,176,0,7,7,970.142,22.6546
node,115,rx,-1,1490.6,1451.46,25079893,176,0,6,7,706.41,22.6546
node,65,rx,-1,1480.46,1461.53,25079893,176,0,0,7,692.117,22.6546
node,107,rx,-1,1475.07,1466.88,25079893,176,0,0,7,684.424,22.6546
node,8,rx,-1,1756.76,1190.58,25079893,176,0,11,7,1079.56,22.6546
node,21,rx,-1,1469.74,1472.17,25079893,176,0,0,7,676.923,22.6546
node,39,rx,-1,1780.03,1167.68,25079893,176,0,12,7,1112.31,22.6546
node,25,tx,-1,1803.63,1444.43,25079893,176,0,11,1,1097.09,22.6894
node,23,rx,-1,1818.98,1462.37,25079893,176,0,11,9,1073.48,22.6896
node,100,rx,-1,1774.77,1410.71,25079893,176,0,9,9,1141.48,22.6896
node,148,rx,-1,1758.18,1392.37,25079893,176,0,4,9,1166.21,22.6896
node,149,rx,-1,1751.09,1384.8,25079893,176,0,0,9,1176.58,22.6896
node,138,rx,-1,1658.61,1284.94,25079893,176,0,6,9,943.19,22.6896
node,102,rx,-1,1557.66,1199.25,25079893,176,0,12,9,839.449,22.6896
node,65,tx,-1,1480.46,1461.53,25079893,176,0,0,1,692.117,22.7364
node,107,rx,-1,1475.07,1466.88,25079893,176,0,0,8,684.424,22.7544
node,115,rx,-1,1490.6,1451.46,25079893,176,0,6,8,706.41,22.7544
node,21,rx,-1,1469.74,1472.17,25079893,176,0,0,8,676.923,22.7544
node,51,rx,-1,1614.4,1328.69,25079893,176,0,11,8,881.003,22.7544
node,123,rx,-1,1645.62,1297.79,25079893,176,0,7,8,924.921,22.7544
node,138,rx,-1,1658.61,1284.94,25079893,176,0,6,8,943.19,22.7544
node,143,rx,-1,1677.62,1266.1,25079893,176,0,7,8,970.142,22.7544
node,29,tx,-1,1620.6,1135.16,25079893,176,1,1,1,929.287,22.7854
node,124,rx,-1,1626.96,1128.65,25079893,176,1,1,6,938.392,22.7857
node,102,rx,-1,1557.66,1199.25,25079893,176,0,12,6,839.449,22.7857
node,61,rx,-1,1528.15,1228.92,25079893,176,0,11,6,797.615,22.7857
node,19,rx,-1,1727.97,1032.98,25079893,176,0,1,6,1294.46,22.7857
node,57,rx,-1,1763.94,996.809,25079893,176,0,7,6,1126.51,22.7857
node,43,rx,-1,1783.99,976.111,25079893,176,0,9,6,1155.33,22.7857
node,95,rx,-1,1797.89,961.641,25079893,176,0,9,6,1175.4,22.7857
node,69,tx,-1,703.787,696.734,25079893,176,0,7,1,1000.65,22.7937
node,48,rx,-1,665.889,659.033,25079893,176,0,11,6,1054.08,22.794
node,149,tx,-1,1751.09,1384.8,25079893,176,0,0,1,1176.58,22.8255
node,148,rx,-1,1758.18,1392.37,25079893,176,0,4,7,1166.21,22.8546
node,100,rx,-1,1774.77,1410.71,25079893,176,0,9,7,1141.48,22.8546
node,25,rx,-1,1803.63,1444.43,25079893,176,0,11,7,1097.09,22.8546
node,23,rx,-1,1818.98,1462.37,25079893,176,0,11,7,1073.48,22.8546
node,138,rx,-1,1658.61,1284.94,25079893,176,0,6,7,943.19,22.8546
node,116,rx,-1,1921.92,1215.81,25079893,176,0,8,7,1404.65,22.8546
node,70,rx,-1,1935.24,1202.44,25079893,176,0,1,7,1385.78,22.8546
node,102,rx,-1,1557.66,1199.25,25079893,176,0,12,7,839.449,22.8546
node,7,tx,-1,880.343,708.571,25079893,176,0,10,1,986.98,22.9645
node,98,rx,-1,901.522,674.133,25079893,176,0,10,5,1026.2,22.9647
node,75,rx,-1,908.71,671.686,25079893,176,0,11,5,1033.1,22.9647
node,130,rx,-1,923.669,652.289,25079893,176,0,10,5,1057.37,22.9647
node,82,rx,-1,968.863,607.214,25079893,176,0,9,5,1121.36,22.9647
node,80,tx,-1,1624.69,759.132,25079893,176,0,11,1,931.636,23.1554
node,104,rx,-1,1648.92,736.228,25079893,176,0,11,8,964.98,23.1556
node,5,rx,-1,1662.02,723.803,25079893,176,0,6,8,983.04,23.1556
node,143,tx,-1,1672.28,1271.39,25079893,176,0,7,1,962.432,23.214
node,21,tx,-1,1469.74,1472.17,25079893,176,0,0,1,676.923,23.2419
node,107,rx,-1,1475.07,1466.88,25079893,176,0,0,8,684.424,23.2544
node,65,rx,-1,1480.44,1461.55,25079893,176,0,0,8,692.097,23.2544
node,115,rx,-1,1488.17,1453.87,25079893,176,0,3,8,702.989,23.2544
node,51,rx,-1,1606.44,1336.57,25079893,176,0,11,8,869.801,23.2544
node,123,rx,-1,1639.33,1304,25079893,176,0,8,8,916.08,23.2544
node,138,rx,-1,1652.95,1290.54,25079893,176,0,7,8,935.226,23.2544
node,143,rx,-1,1672.28,1271.39,25079893,176,0,7,8,962.432,23.2544
node,138,rx,-1,1652.95,1290.54,25079893,176,0,7,7,935.226,23.2547
node,123,rx,-1,1639.33,1304,25079893,176,0,8,7,916.08,23.2547
node,51,rx,-1,1606.44,1336.57,25079893,176,0,11,7,869.801,23.2547
node,8,rx,-1,1755.64,1199.64,25079893,176,0,11,7,1629.72,23.2547
node,39,rx,-1,1772.32,1175.26,25079893,176,0,10,7,1101.5,23.2547
node,115,rx,-1,1488.17,1453.87,25079893,176,0,3,7,702.989,23.2547
node,65,rx,-1,1480.44,1461.55,25079893,176,0,0,7,692.097,23.2547
node,107,rx,-1,1475.07,1466.88,25079893,176,0,0,7,684.424,23.2547
node,21,rx,-1,1469.74,1472.17,25079893,176,0,0,7,676.923,23.2547
node,137,tx,-1,1680.68,1124.39,25079893,176,1,1,1,1171.51,23.3295
node,115,tx,-1,1488.17,1453.87,25079893,176,0,3,1,702.989,23.3516
node,40,rx,-1,1687.78,1131.66,25079893,176,1,0,7,1161.35,23.3544
node,8,rx,-1,1755.64,1199.64,25079893,176,0,11,7,1629.72,23.3544
node,4,rx,-1,1862.52,1310.21,25079893,176,0,11,7,1279.97,23.3544
node,65,rx,-1,1480.44,1461.55,25079893,176,0,0,8,692.097,23.3544
node,107,rx,-1,1475.07,1466.88,25079893,176,0,0,8,684.424,23.3544
node,21,rx,-1,1469.74,1472.17,25079893,176,0,0,8,676.923,23.3544
node,51,rx,-1,1606.44,1336.57,25079893,176,0,11,8,869.801,23.3544
node,123,rx,-1,1639.33,1304,25079893,176,0,8,8,916.08,23.3544
node,138,rx,-1,1652.95,1290.54,25079893,176,0,7,8,935.226,23.3544
node,143,rx,-1,1672.28,1271.39,25079893,176,0,7,8,962.432,23.3544
node,82,tx,-1,962.41,614.022,25079893,176,0,9,1,1111.98,23.7554
node,103,rx,-1,975.634,593.138,25079893,176,0,4,6,1154.59,23.7556
node,130,rx,-1,915.662,660.193,25079893,176,0,11,6,1046.11,23.7556
node,75,rx,-1,901.341,678.89,25079893,176,0,10,6,1022.77,23.7556
node,98,rx,-1,893.849,681.52,25079893,176,0,10,6,1015.55,23.7556
node,7,rx,-1,871.463,717.349,25079893,176,0,12,6,974.565,23.7556
node,43,tx,-1,1777.35,983.017,25079893,176,0,9,1,1145.75,23.9963
node,95,rx,-1,1790.66,969.166,25079893,176,0,10,7,1164.96,23.9965
node,57,rx,-1,1760.35,1000.48,25079893,176,0,5,7,1121.38,23.9965
node,59,rx,-1,1777.09,1023.96,25079893,176,0,7,7,1145.01,23.9965
node,19,rx,-1,1727,1033.86,25079893,176,0,1,7,1293.15,23.9965
node,124,rx,-1,1626.47,1129.15,25079893,176,1,0,7,937.688,23.9965
node,29,rx,-1,1619.01,1136.78,25079893,176,1,2,7,927.015,23.9965
node,102,rx,-1,1550.05,1206.89,25079893,176,0,10,7,828.665,23.9965
node,130,tx,-1,907.149,668.596,25079893,176,0,11,1,1034.15,24.5055
node,75,rx,-1,892.419,687.472,25079893,176,0,12,6,1010.39,24.5544
node,98,rx,-1,885.987,689.114,25079893,176,0,10,6,1004.64,24.5544
node,82,rx,-1,955.661,620.709,25079893,176,0,9,6,1102.32,24.5544
node,7,rx,-1,862.492,726.018,25079893,176,0,12,6,962.088,24.5544
node,103,rx,-1,978.85,597.705,25079893,176,0,5,6,1136.04,24.5544
node,98,tx,-1,878.176,696.782,25079893,176,0,10,1,993.742,25.1073
node,75,rx,-1,885.299,694.392,25079893,176,0,9,6,1000.48,25.1545
node,130,rx,-1,899.359,676.215,25079893,176,0,10,6,1023.2,25.1545
node,7,rx,-1,854.104,734.124,25079893,176,0,11,6,950.422,25.1545
node,10,rx,-1,923.825,732.992,25079893,176,0,12,6,1050.9,25.1545
node,82,rx,-1,947.967,628.304,25079893,176,0,10,6,1091.51,25.1545
node,103,rx,-1,975.99,604.498,25079893,176,0,7,6,1128.23,25.1545
node,75,tx,-1,885.299,694.392,25079893,176,0,9,1,1000.48,25.1601
node,98,rx,-1,878.176,696.782,25079893,176,0,10,6,993.742,25.1604
node,130,rx,-1,899.359,676.215,25079893,176,0,10,6,1023.2,25.1604
node,7,rx,-1,854.104,734.124,25079893,176,0,11,6,950.422,25.1604
node,10,rx,-1,923.825,732.992,25079893,176,0,12,6,1050.9,25.1604
node,82,rx,-1,947.967,628.304,25079893,176,0,10,6,1091.51,25.1604
node,103,rx,-1,975.99,604.498,25079893,176,0,7,6,1128.23,25.1604
node,44,rx,-1,979.367,791.414,25079893,176,0,2,6,1142.85,25.1604
node,46,rx,-1,759.845,572.274,25079893,176,0,2,6,1395.85,25.1604
node,146,rx,-1,758.044,564.979,25079893,176,0,2,6,1360.01,25.1604
node,139,rx,-1,733.715,540.554,25079893,176,0,8,6,1325.58,25.1604
node,112,rx,-1,702.151,508.039,25079893,176,0,6,6,1280.26,25.1604
node,30,rx,-1,1082.29,896.901,25079893,176,0,10,6,750.14,25.1604
node,40,tx,-1,1688.64,1132.55,25079893,176,1,0,1,1160.11,25.5858
node,137,rx,-1,1681.72,1125.46,25079893,176,1,0,9,1170.02,25.5861
node,39,rx,-1,1755.72,1191.6,25079893,176,0,11,9,1078.11,25.5861
node,8,rx,-1,1772.16,1217.88,25079893,176,0,12,9,1605.01,25.5861
node,4,rx,-1,1879.32,1327.6,25079893,176,0,12,9,1255.79,25.5861
node,103,tx,-1,975.99,604.498,25079893,176,0,7,1,1128.23,25.8774
node,82,rx,-1,947.967,628.304,25079893,176,0,10,7,1091.51,25.8777
node,130,rx,-1,899.359,676.215,25079893,176,0,10,7,1023.2,25.8777
node,75,rx,-1,885.299,694.392,25079893,176,0,9,7,1000.48,25.8777
node,98,rx,-1,878.176,696.782,25079893,176,0,10,7,993.742,25.8777
node,7,rx,-1,854.104,734.124,25079893,176,0,11,7,950.422,25.8777
