node,0,tx,-1,1043.6,1148.77,13444955,174,0,0,1,0,12.3657
node,56,rx,-1,1017.57,1174.25,13444955,176,1,5,1,36.4296,12.3659
node,30,rx,-1,1006.64,1167.18,13444955,176,0,3,1,1922.68,12.3659
node,13,rx,-1,1072.79,1077.93,13444955,176,0,0,1,471.437,12.3659
node,72,rx,-1,897.542,1293.93,13444955,176,1,1,1,206.432,12.3659
node,8,rx,-1,884.215,1302.3,13444955,176,0,8,1,221.915,12.3659
node,36,rx,-1,834.137,1356.09,13444955,176,0,9,1,295.311,12.3659
node,49,rx,-1,806.48,1350.08,13444955,176,0,9,1,872.296,12.3659
node,75,rx,-1,817.98,1371.44,13444955,176,0,6,1,317.584,12.3659
node,66,rx,-1,789.862,1356.01,13444955,176,0,2,1,355.889,12.3659
node,75,tx,-1,822.74,1366.92,13444955,176,0,6,1,311.03,13.0593
node,49,rx,-1,815.045,1341.58,13444955,176,0,12,2,860.227,13.0596
node,36,rx,-1,841.936,1348.45,13444955,176,0,10,2,284.425,13.0596
node,66,rx,-1,792.511,1358.77,13444955,176,0,3,2,894.864,13.0596
node,51,rx,-1,756.265,1433.63,13444955,176,0,12,2,406.525,13.0596
node,8,rx,-1,890.98,1295.72,13444955,176,0,9,2,212.476,13.0596
node,72,rx,-1,899.959,1291.59,13444955,176,1,3,2,203.063,13.0596
node,46,rx,-1,729.227,1296.82,13444955,176,0,5,2,440.861,13.0596
node,30,rx,-1,1009.92,1163.93,13444955,176,0,4,2,1918.06,13.0596
node,56,rx,-1,1023.58,1168.37,13444955,176,1,8,2,28.0219,13.0596
node,8,tx,-1,890.98,1295.72,13444955,176,0,9,1,212.476,13.312
node,72,rx,-1,899.959,1291.59,13444955,176,1,3,2,203.063,13.3546
node,17,rx,-1,916.042,1300.39,13444955,176,1,6,2,683.477,13.3546
node,36,rx,-1,841.936,1348.45,13444955,176,0,10,2,284.425,13.3546
node,49,rx,-1,815.045,1341.58,13444955,176,0,12,2,860.227,13.3546
node,75,rx,-1,822.74,1366.92,13444955,176,0,6,2,311.03,13.3546
node,66,rx,-1,792.511,1358.77,13444955,176,0,3,2,894.864,13.3546
node,30,rx,-1,1009.92,1163.93,13444955,176,0,4,2,1918.06,13.3546
node,56,rx,-1,1023.58,1168.37,13444955,176,1,8,2,28.0219,13.3546
node,51,rx,-1,756.265,1433.63,13444955,176,0,12,2,406.525,13.3546
node,13,rx,-1,1072.85,1077.99,13444955,176,0,0,2,471.344,13.3546
node,49,tx,-1,815.045,1341.58,13444955,176,0,12,1,860.227,13.7387
node,75,rx,-1,822.74,1366.92,13444955,176,0,6,2,311.03,13.7546
node,36,rx,-1,841.936,1348.45,13444955,176,0,10,2,284.425,13.7546
node,66,rx,-1,792.511,1358.77,13444955,176,0,3,2,894.864,13.7546
node,8,rx,-1,890.98,1295.72,13444955,176,0,9,2,212.476,13.7546
node,72,rx,-1,899.959,1291.59,13444955,176,1,3,2,203.063,13.7546
node,51,rx,-1,756.265,1433.63,13444955,176,0,12,2,406.525,13.7546
node,53,rx,-1,714.413,1502.45,13444955,176,0,8,2,1056.11,13.7546
node,88,rx,-1,704.093,1524.64,13444955,176,0,1,2,1081.51,13.7546
node,30,rx,-1,1009.92,1163.93,13444955,176,0,4,2,1918.06,13.7546
node,56,rx,-1,1023.58,1168.37,13444955,176,1,8,2,28.0219,13.7546
node,30,tx,-1,1009.92,1163.93,13444955,176,0,4,1,1918.06,13.7758
node,56,rx,-1,1023.58,1168.37,13444955,176,1,8,2,28.0219,13.776
node,13,rx,-1,1072.85,1077.99,13444955,176,0,0,2,471.344,13.776
node,72,rx,-1,899.959,1291.59,13444955,176,1,3,2,203.063,13.776
node,8,rx,-1,890.98,1295.72,13444955,176,0,9,2,212.476,13.776
node,36,rx,-1,841.936,1348.45,13444955,176,0,10,2,284.425,13.776
node,49,rx,-1,815.045,1341.58,13444955,176,0,12,2,860.227,13.776
node,75,rx,-1,822.74,1366.92,13444955,176,0,6,2,311.03,13.776
node,66,rx,-1,792.511,1358.77,13444955,176,0,3,2,894.864,13.776
node,17,tx,-1,922.407,1306.92,13444955,176,1,9,1,674.356,14.0336
node,72,rx,-1,901.277,1290.3,13444955,176,1,1,3,201.226,14.0544
node,8,rx,-1,897.666,1289.21,13444955,176,0,9,3,203.053,14.0544
node,18,rx,-1,798.27,1179.42,13444955,176,0,9,3,343.817,14.0544
node,36,tx,-1,850.871,1339.6,13444955,176,0,12,1,271.853,14.1219
node,49,rx,-1,823.605,1333.08,13444955,176,0,12,2,848.165,14.1546
node,75,rx,-1,828.544,1361.4,13444955,176,0,8,2,303.026,14.1546
node,66,rx,-1,796.013,1361.47,13444955,176,0,4,2,890.417,14.1546
node,8,rx,-1,897.666,1289.21,13444955,176,0,9,2,203.053,14.1546
node,72,rx,-1,901.277,1290.3,13444955,176,1,1,2,201.226,14.1546
node,51,rx,-1,762.205,1425.07,13444955,176,0,10,2,396.02,14.1546
node,30,rx,-1,1014.27,1159.62,13444955,176,0,6,2,1911.95,14.1546
node,56,rx,-1,1029.67,1162.41,13444955,176,1,8,2,19.4941,14.1546
node,13,rx,-1,1072.86,1078,13444955,176,0,0,2,471.333,14.1546
node,13,tx,-1,1072.86,1078,13444955,176,0,0,1,471.333,14.3111
node,56,rx,-1,1029.67,1162.41,13444955,176,1,8,2,19.4941,14.3545
node,30,rx,-1,1014.27,1159.62,13444955,176,0,6,2,1911.95,14.3545
node,94,rx,-1,888.491,880.115,13444955,176,0,0,2,1271.86,14.3545
node,72,rx,-1,901.277,1290.3,13444955,176,1,1,2,201.226,14.3545
node,8,rx,-1,897.666,1289.21,13444955,176,0,9,2,203.053,14.3545
node,65,rx,-1,1305.82,856.796,13444955,176,0,9,2,1491.68,14.3545
node,36,rx,-1,850.871,1339.6,13444955,176,0,12,2,271.853,14.3545
node,3,rx,-1,1324.56,838.665,13444955,176,0,12,2,1465.6,14.3545
node,66,tx,-1,796.013,1361.47,13444955,176,0,4,1,890.417,14.5349
node,75,rx,-1,828.544,1361.4,13444955,176,0,8,2,303.026,14.5546
node,49,rx,-1,823.605,1333.08,13444955,176,0,12,2,848.165,14.5546
node,36,rx,-1,850.871,1339.6,13444955,176,0,12,2,271.853,14.5546
node,51,rx,-1,762.205,1425.07,13444955,176,0,10,2,396.02,14.5546
node,46,rx,-1,734.279,1302.17,13444955,176,0,7,2,433.497,14.5546
node,62,rx,-1,856.251,1425.8,13444955,176,1,11,2,389.269,14.5546
node,86,rx,-1,720.374,1287.42,13444955,176,0,3,2,453.766,14.5546
node,8,rx,-1,897.666,1289.21,13444955,176,0,9,2,203.053,14.5546
node,72,rx,-1,901.277,1290.3,13444955,176,1,1,2,201.226,14.5546
node,53,rx,-1,717.862,1494.84,13444955,176,0,8,2,1047.82,14.5546
node,88,rx,-1,706.53,1521.76,13444955,176,0,3,2,1078.01,14.5546
node,30,rx,-1,1014.27,1159.62,13444955,176,0,6,2,1911.95,14.5546
node,56,rx,-1,1029.67,1162.41,13444955,176,1,8,2,19.4941,14.5546
node,56,tx,-1,1029.67,1162.41,13444955,176,1,8,1,19.4941,14.794
node,30,rx,-1,1014.27,1159.62,13444955,176,0,6,2,1911.95,14.7942
node,13,rx,-1,1072.86,1078,13444955,176,0,0,2,471.333,14.7942
node,72,rx,-1,901.277,1290.3,13444955,176,1,1,2,201.226,14.7942
node,8,rx,-1,897.666,1289.21,13444955,176,0,9,2,203.053,14.7942
node,36,rx,-1,850.871,1339.6,13444955,176,0,12,2,271.853,14.7942
node,49,rx,-1,823.605,1333.08,13444955,176,0,12,2,848.165,14.7942
node,75,rx,-1,828.544,1361.4,13444955,176,0,8,2,303.026,14.7942
node,66,rx,-1,796.013,1361.47,13444955,176,0,4,2,890.417,14.7942
node,88,tx,-1,706.53,1521.76,13444955,176,0,3,1,1078.01,14.88
node,53,rx,-1,717.862,1494.84,13444955,176,0,8,3,1047.82,14.8803
node,48,rx,-1,797.188,1503.52,13444955,176,0,9,3,773.184,14.8803
node,51,rx,-1,762.205,1425.07,13444955,176,0,10,3,396.02,14.8803
node,66,rx,-1,796.013,1361.47,13444955,176,0,4,3,890.417,14.8803
node,42,rx,-1,607.585,1335.6,13444955,176,0,8,3,1072.8,14.8803
node,58,rx,-1,970.356,1500.06,13444955,176,0,10,3,600.083,14.8803
node,85,rx,-1,470.749,1272.68,13444955,176,1,5,3,1044.15,14.8803
node,72,tx,-1,901.277,1290.3,13444955,176,1,1,1,201.226,14.9147
node,8,rx,-1,897.666,1289.21,13444955,176,0,9,2,203.053,14.9544
node,17,rx,-1,922.407,1306.92,13444955,176,1,9,2,674.356,14.9544
node,36,rx,-1,850.871,1339.6,13444955,176,0,12,2,271.853,14.9544
node,49,rx,-1,823.605,1333.08,13444955,176,0,12,2,848.165,14.9544
node,75,rx,-1,828.544,1361.4,13444955,176,0,8,2,303.026,14.9544
node,66,rx,-1,796.013,1361.47,13444955,176,0,4,2,890.417,14.9544
node,18,rx,-1,798.27,1179.42,13444955,176,0,9,2,343.817,14.9544
node,30,rx,-1,1014.27,1159.62,13444955,176,0,6,2,1911.95,14.9544
node,56,rx,-1,1029.67,1162.41,13444955,176,1,8,2,19.4941,14.9544
node,51,rx,-1,762.205,1425.07,13444955,176,0,10,2,396.02,14.9544
node,13,rx,-1,1072.86,1078,13444955,176,0,0,2,471.333,14.9544
node,62,tx,-1,847.456,1416.85,13444955,176,1,12,1,376.723,15.2468
node,66,rx,-1,801.086,1359.19,13444955,176,0,5,3,884.444,15.2544
node,46,rx,-1,739.636,1307.86,13444955,176,0,7,3,425.688,15.2544
node,86,rx,-1,724.665,1291.98,13444955,176,0,6,3,447.511,15.2544
node,94,tx,-1,890.185,878.461,13444955,176,0,2,1,1269.49,15.4005
node,69,rx,-1,900.951,867.951,13444955,176,0,5,3,1254.44,15.4545
node,10,rx,-1,931.413,838.206,13444955,176,0,12,3,1211.87,15.4545
node,9,rx,-1,820.992,945.939,13444955,176,1,8,3,827.706,15.4545
node,13,rx,-1,1072.87,1078.01,13444955,176,0,0,3,471.321,15.4545
node,58,tx,-1,981.231,1500.23,13444955,176,0,10,1,589.196,15.8735
node,16,rx,-1,1081.24,1501.72,13444955,176,0,9,4,489.236,15.8738
node,48,rx,-1,806.844,1503.75,13444955,176,0,9,4,763.525,15.8738
node,44,rx,-1,1171.92,1488.23,13444955,176,1,11,4,526.442,15.8738
node,87,rx,-1,1214.69,1489.11,13444955,176,1,7,4,569.226,15.8738
node,53,rx,-1,722.144,1485.4,13444955,176,0,10,4,1037.52,15.8738
node,88,rx,-1,709.421,1516.2,13444955,176,0,5,4,1072.18,15.8738
node,18,tx,-1,804.758,1185.92,13444955,176,0,9,1,334.642,15.949
node,51,tx,-1,769.551,1415.51,13444955,176,0,12,1,383.844,15.9513
node,66,rx,-1,801.086,1359.19,13444955,176,0,5,3,884.444,15.9544
node,53,rx,-1,722.144,1485.4,13444955,176,0,10,3,1037.52,15.9544
node,75,rx,-1,835.886,1354.42,13444955,176,0,10,3,292.899,15.9544
node,49,rx,-1,832.419,1324.33,13444955,176,0,12,3,835.745,15.9544
node,88,rx,-1,709.421,1516.2,13444955,176,0,5,3,1072.18,15.9544
node,36,rx,-1,859.376,1331.18,13444955,176,0,11,3,259.885,15.9544
node,17,rx,-1,932.613,1312.67,13444955,176,1,11,4,663.123,15.9545
node,46,tx,-1,745.337,1313.9,13444955,176,0,8,1,417.377,16.0457
node,86,rx,-1,729.957,1297.59,13444955,176,0,7,3,439.796,16.0545
node,66,rx,-1,805.514,1353.67,13444955,176,0,7,3,876.775,16.0545
node,62,rx,-1,838.88,1407.83,13444955,176,1,12,3,364.29,16.0545
node,65,tx,-1,1322.8,840.369,13444955,176,0,12,1,1468.05,16.1561
node,3,rx,-1,1341.48,822.29,13444955,176,0,10,3,1442.05,16.1564
node,13,rx,-1,1072.87,1078.01,13444955,176,0,0,3,471.313,16.1564
node,3,tx,-1,1341.48,822.29,13444955,176,0,10,1,1442.05,16.4026
node,65,rx,-1,1322.8,840.369,13444955,176,0,12,3,1468.05,16.4546
node,85,tx,-1,460.51,1278.73,13444955,176,1,4,1,1032.25,16.5227
node,11,rx,-1,440.748,1290.41,13444955,176,1,6,4,1009.3,16.5543
node,64,rx,-1,434.671,1211.54,13444955,176,0,11,4,1132.53,16.5543
node,42,rx,-1,595.014,1348.34,13444955,176,0,9,4,1054.9,16.5543
node,76,rx,-1,621.411,1322.36,13444955,176,0,6,4,1091.87,16.5543
node,47,rx,-1,364.444,1120.88,13444955,176,0,11,4,1261.2,16.5543
node,93,rx,-1,326.431,1052.84,13444955,176,0,3,4,1005.28,16.5543
node,48,tx,-1,817.834,1504.02,13444955,176,0,10,1,752.531,16.5884
node,53,rx,-1,725.172,1473.7,13444955,176,0,12,4,1025.41,16.5887
node,88,rx,-1,710.436,1510.39,13444955,176,0,7,4,1064.93,16.5887
node,58,rx,-1,993.485,1500.34,13444955,176,0,12,4,576.929,16.5887
node,16,rx,-1,1092.71,1502.03,13444955,176,0,11,4,477.761,16.5887
node,44,rx,-1,1160.57,1487.99,13444955,176,1,11,4,515.087,16.5887
node,16,tx,-1,1092.71,1502.03,13444955,176,0,11,1,477.761,16.7106
node,44,rx,-1,1160.57,1487.99,13444955,176,1,11,5,515.087,16.7546
node,58,rx,-1,993.485,1500.34,13444955,176,0,12,5,576.929,16.7546
node,87,rx,-1,1206.12,1488.93,13444955,176,1,8,5,560.661,16.7546
node,48,rx,-1,817.834,1504.02,13444955,176,0,10,5,752.531,16.7546
node,53,tx,-1,725.172,1473.7,13444955,176,0,12,1,1025.41,16.7711
node,88,rx,-1,710.436,1510.39,13444955,176,0,7,3,1064.93,16.7714
node,51,rx,-1,776.342,1407.79,13444955,176,0,10,3,373.477,16.7714
node,48,rx,-1,817.834,1504.02,13444955,176,0,10,3,752.531,16.7714
node,66,rx,-1,805.514,1353.67,13444955,176,0,7,3,876.775,16.7714
node,42,rx,-1,595.014,1348.34,13444955,176,0,9,3,1054.9,16.7714
node,49,rx,-1,840.373,1316.43,13444955,176,0,11,3,824.536,16.7714
node,58,rx,-1,993.485,1500.34,13444955,176,0,12,3,576.929,16.7714
node,12,rx,-1,417.57,1472.38,13444955,176,1,12,3,826.13,16.7714
node,42,tx,-1,590.026,1351.63,13444955,176,0,5,1,1048.9,17.1803
node,76,rx,-1,615.216,1328.27,13444955,176,0,8,4,1083.3,17.1806
node,53,rx,-1,727.384,1462.27,13444955,176,0,11,4,1013.84,17.1806
node,88,rx,-1,714.033,1503.29,13444955,176,0,7,4,1057.02,17.1806
node,64,rx,-1,442.833,1219.83,13444955,176,0,11,4,1120.9,17.1806
node,47,rx,-1,373.23,1129.82,13444955,176,0,12,4,1248.68,17.1806
node,9,tx,-1,833.827,933.424,13444955,176,1,9,1,809.779,17.2998
node,94,rx,-1,895.217,873.548,13444955,176,0,3,4,1262.46,17.3543
node,69,rx,-1,911.271,857.874,13444955,176,0,8,4,1240.02,17.3543
node,10,rx,-1,947.566,822.434,13444955,176,0,10,4,1189.29,17.3543
node,87,tx,-1,1195.23,1488.71,13444955,176,1,10,1,549.759,17.36
node,44,rx,-1,1147.61,1487.72,13444955,176,1,12,5,502.123,17.3602
node,16,rx,-1,1099.59,1501.32,13444955,176,0,7,5,470.655,17.3602
node,58,rx,-1,1006.14,1500.32,13444955,176,0,12,5,564.264,17.3602
node,86,tx,-1,735.484,1303.45,13444955,176,0,8,1,431.739,17.4758
node,46,rx,-1,751.593,1320.54,13444955,176,0,9,3,408.257,17.4761
node,62,rx,-1,830.935,1399.94,13444955,176,1,11,3,353.085,17.4761
node,47,tx,-1,380.831,1137.59,13444955,176,0,10,1,1237.72,18.1062
node,93,rx,-1,333.155,1046.5,13444955,176,0,5,5,996.037,18.1545
node,64,rx,-1,450.29,1227.36,13444955,176,0,10,5,1110.3,18.1545
node,40,rx,-1,231.426,971.772,13444955,176,1,12,5,1138.82,18.1545
node,68,rx,-1,210.533,950.166,13444955,176,1,12,5,1168.9,18.1545
node,42,rx,-1,586.154,1353.32,13444955,176,0,4,5,1044.67,18.1545
node,76,rx,-1,608.184,1334.99,13444955,176,0,9,5,1073.59,18.1545
node,76,tx,-1,608.184,1334.99,13444955,176,0,9,1,1073.59,18.3499
node,42,rx,-1,586.154,1353.32,13444955,176,0,4,5,1044.67,18.3545
node,64,rx,-1,450.29,1227.36,13444955,176,0,10,5,1110.3,18.3545
node,88,rx,-1,717.411,1495.84,13444955,176,0,8,5,1048.9,18.3545
node,47,rx,-1,380.831,1137.59,13444955,176,0,10,5,1237.72,18.3545
node,44,tx,-1,1137.04,1487.5,13444955,176,1,10,1,491.557,18.4362
node,16,rx,-1,1100.33,1498.88,13444955,176,0,2,5,468.048,18.4546
node,87,rx,-1,1184.38,1488.48,13444955,176,1,10,5,538.91,18.4546
node,58,rx,-1,1017.25,1500.44,13444955,176,0,11,5,553.223,18.4546
node,48,rx,-1,840.296,1504.51,13444955,176,0,11,5,730.092,18.4546
node,69,tx,-1,917.696,851.6,13444955,176,0,8,1,1231.04,18.517
node,10,tx,-1,956.022,814.177,13444955,176,0,11,1,1177.48,18.5391
node,69,rx,-1,917.696,851.6,13444955,176,0,8,4,1231.04,18.5544
node,94,rx,-1,899.31,869.552,13444955,176,0,5,4,1256.74,18.5544
node,9,rx,-1,840.835,926.59,13444955,176,1,9,4,799.99,18.5544
node,94,rx,-1,899.31,869.552,13444955,176,0,5,4,1256.74,18.5547
node,10,rx,-1,956.022,814.177,13444955,176,0,11,4,1177.48,18.5547
node,9,rx,-1,840.835,926.59,13444955,176,1,9,4,799.99,18.5547
node,11,tx,-1,429.025,1297.34,13444955,176,1,7,1,995.676,18.6811
node,85,rx,-1,448.33,1285.93,13444955,176,1,7,5,1018.1,18.6814
node,12,tx,-1,452.353,1473.63,13444955,176,1,11,1,791.329,19.2194
node,88,rx,-1,721.442,1486.95,13444955,176,0,9,4,1039.21,19.2544
node,93,tx,-1,337.057,1042.79,13444955,176,0,5,1,990.655,19.5168
node,81,rx,-1,361.718,1019.36,13444955,176,0,10,5,956.637,19.5545
node,1,rx,-1,398.349,984.555,13444955,176,0,11,5,906.105,19.5545
node,40,rx,-1,238.867,979.309,13444955,176,1,10,5,1128.22,19.5545
node,68,rx,-1,218.312,958.237,13444955,176,1,11,5,1157.68,19.5545
node,64,tx,-1,457.353,1234.49,13444955,176,0,10,1,1100.26,19.5995
node,85,rx,-1,442.885,1289.15,13444955,176,1,6,5,1011.78,19.5998
node,47,rx,-1,388.65,1145.9,13444955,176,0,11,5,1226.3,19.5998
node,42,rx,-1,580.356,1355.23,13444955,176,0,6,5,1038.55,19.5998
node,76,rx,-1,602.944,1340.43,13444955,176,0,7,5,1066.11,19.5998
node,40,rx,-1,238.867,979.309,13444955,176,1,10,5,1128.22,19.5998
node,40,tx,-1,246.836,987.393,13444955,176,1,11,1,1116.86,20.0818
node,68,rx,-1,225.636,965.836,13444955,176,1,10,6,1147.12,20.082
node,93,rx,-1,342.553,1037.57,13444955,176,0,7,6,983.073,20.082
node,47,rx,-1,396.761,1154.43,13444955,176,0,11,6,1214.56,20.082
node,64,rx,-1,465.187,1242.41,13444955,176,0,11,6,1089.13,20.082
node,68,tx,-1,225.636,965.836,13444955,176,1,10,1,1147.12,20.8613
node,40,rx,-1,246.836,987.393,13444955,176,1,11,6,1116.86,20.8615
node,93,rx,-1,342.553,1037.57,13444955,176,0,7,6,983.073,20.8615
node,47,rx,-1,396.761,1154.43,13444955,176,0,11,6,1214.56,20.8615
node,81,tx,-1,369.754,1011.72,13444955,176,0,11,1,945.551,20.972
node,93,rx,-1,342.553,1037.57,13444955,176,0,7,6,983.073,20.9722
node,1,rx,-1,406.521,976.799,13444955,176,0,11,6,894.839,20.9722
node,1,tx,-1,414.655,969.18,13444955,176,0,11,1,883.692,21.0911
node,81,rx,-1,377.855,1004.03,13444955,176,0,11,6,934.376,21.0913
node,93,rx,-1,349.867,1030.62,13444955,176,0,10,6,972.984,21.0913
