node,0,tx,-1,1041.71,1150.63,9015077,174,0,0,1,0,12.659
node,30,rx,-1,1016.19,1175.6,9015077,176,1,4,1,35.706,12.6592
node,86,rx,-1,1005.93,1185.61,9015077,176,1,2,1,50.0383,12.6592
node,75,rx,-1,970.05,1157.2,9015077,176,0,2,1,603.813,12.6592
node,35,rx,-1,1170.32,987.067,9015077,176,0,6,1,875.713,12.6592
node,10,rx,-1,884.64,1301.88,9015077,176,0,8,1,218.672,12.6592
node,37,rx,-1,838.273,1352.08,9015077,176,0,8,1,286.93,12.6592
node,42,rx,-1,825.3,1364.48,9015077,176,0,4,1,304.849,12.6592
node,43,rx,-1,808.742,1375.58,9015077,176,0,8,1,324.495,12.6592
node,68,rx,-1,790.698,1356.89,9015077,176,0,2,1,352.022,12.6592
node,68,tx,-1,799.597,1360.49,9015077,176,0,6,1,883.772,14.3466
node,43,rx,-1,823.005,1366.66,9015077,176,1,7,2,308.014,14.3544
node,42,rx,-1,837.23,1353.11,9015077,176,0,9,2,288.398,14.3544
node,37,rx,-1,852.297,1338.19,9015077,176,0,10,2,267.196,14.3544
node,19,rx,-1,763.48,1423.23,9015077,176,0,10,2,391.114,14.3544
node,44,rx,-1,847.245,1416.63,9015077,176,1,11,2,373.764,14.3544
node,7,rx,-1,862.433,1432.07,9015077,176,1,10,2,395.429,14.3544
node,91,rx,-1,878.436,1448.32,9015077,176,1,2,2,418.233,14.3544
node,10,rx,-1,897.703,1289.17,9015077,176,0,9,2,200.351,14.3544
node,39,rx,-1,716.235,1498.43,9015077,176,0,8,2,1049.08,14.3544
node,86,rx,-1,1012.52,1179.19,9015077,176,1,4,2,40.8423,14.3544
node,30,rx,-1,1023.09,1168.85,9015077,176,1,5,2,26.0535,14.3544
node,37,tx,-1,852.297,1338.19,9015077,176,0,10,1,267.196,14.6976
node,42,rx,-1,837.23,1353.11,9015077,176,0,9,2,288.398,14.6979
node,43,rx,-1,823.005,1366.66,9015077,176,1,7,2,308.014,14.6979
node,68,rx,-1,799.597,1360.49,9015077,176,0,6,2,883.772,14.6979
node,10,rx,-1,897.703,1289.17,9015077,176,0,9,2,200.351,14.6979
node,19,rx,-1,763.48,1423.23,9015077,176,0,10,2,391.114,14.6979
node,86,rx,-1,1012.52,1179.19,9015077,176,1,4,2,40.8423,14.6979
node,30,rx,-1,1023.09,1168.85,9015077,176,1,5,2,26.0535,14.6979
node,10,tx,-1,897.703,1289.17,9015077,176,0,9,1,200.351,14.7617
node,38,rx,-1,923.469,1308.01,9015077,176,1,8,2,670.184,14.7619
node,37,rx,-1,852.297,1338.19,9015077,176,0,10,2,267.196,14.7619
node,42,rx,-1,837.23,1353.11,9015077,176,0,9,2,288.398,14.7619
node,43,rx,-1,823.005,1366.66,9015077,176,1,7,2,308.014,14.7619
node,68,rx,-1,799.597,1360.49,9015077,176,0,6,2,883.772,14.7619
node,33,rx,-1,802.159,1187.99,9015077,176,0,9,2,332.359,14.7619
node,75,rx,-1,964.033,1151.07,9015077,176,0,5,2,595.217,14.7619
node,86,rx,-1,1012.52,1179.19,9015077,176,1,4,2,40.8423,14.7619
node,66,rx,-1,789.373,1165.91,9015077,176,0,7,2,358.872,14.7619
node,30,rx,-1,1023.09,1168.85,9015077,176,1,5,2,26.0535,14.7619
node,19,rx,-1,763.48,1423.23,9015077,176,0,10,2,391.114,14.7619
node,75,tx,-1,964.033,1151.07,9015077,176,0,5,1,595.217,14.7687
node,27,rx,-1,944.596,1131.23,9015077,176,0,8,2,567.44,14.769
node,86,rx,-1,1012.52,1179.19,9015077,176,1,4,2,40.8423,14.769
node,30,rx,-1,1023.09,1168.85,9015077,176,1,5,2,26.0535,14.769
node,10,rx,-1,897.703,1289.17,9015077,176,0,9,2,200.351,14.769
node,94,rx,-1,793.882,972.367,9015077,176,1,0,2,862.915,14.769
node,51,rx,-1,1160.11,1366.51,9015077,176,0,11,2,292.451,14.769
node,87,rx,-1,1185.89,1385.93,9015077,176,0,7,2,324.48,14.769
node,35,tx,-1,1159.54,975.925,9015077,176,0,8,1,860.183,14.9085
node,24,rx,-1,1059.52,868.89,9015077,176,0,8,2,1249.39,14.9545
node,80,rx,-1,1046.87,855.939,9015077,176,0,5,2,1231.18,14.9545
node,16,rx,-1,1020.72,833.901,9015077,176,0,7,2,1197.15,14.9545
node,30,rx,-1,1023.09,1168.85,9015077,176,1,5,2,26.0535,14.9545
node,86,rx,-1,1012.52,1179.19,9015077,176,1,4,2,40.8423,14.9545
node,69,rx,-1,1366,798.553,9015077,176,0,4,2,1405.25,14.9545
node,67,rx,-1,1379.22,785.624,9015077,176,1,8,2,1386.75,14.9545
node,17,rx,-1,1391.03,774.062,9015077,176,1,11,2,1370.22,14.9545
node,76,rx,-1,1385.09,1206.09,9015077,176,0,4,2,598.539,14.9545
node,43,tx,-1,828.589,1361.36,9015077,176,1,7,1,300.312,15.0035
node,42,tx,-1,844.947,1345.47,9015077,176,0,10,1,277.538,15.0327
node,39,tx,-1,720.514,1488.99,9015077,176,0,10,1,1038.79,15.0372
node,42,rx,-1,844.947,1345.47,9015077,176,0,10,2,277.538,15.0543
node,68,rx,-1,805.493,1355.33,9015077,176,0,7,2,875.933,15.0543
node,37,rx,-1,861.319,1329.26,9015077,176,0,12,2,254.5,15.0543
node,10,rx,-1,903.014,1285.14,9015077,176,0,6,2,193.633,15.0543
node,86,rx,-1,1016.06,1175.73,9015077,176,1,4,2,35.8858,15.0543
node,30,rx,-1,1027.4,1164.63,9015077,176,1,6,2,20.023,15.0543
node,58,rx,-1,601.764,1341.65,9015077,176,0,8,3,1061.75,15.0544
node,41,rx,-1,968.547,1485.84,9015077,176,1,12,3,689.252,15.0544
node,4,rx,-1,400.147,1471.77,9015077,176,1,10,3,840.91,15.0544
node,43,rx,-1,828.589,1361.36,9015077,176,1,7,2,300.312,15.0547
node,37,rx,-1,861.319,1329.26,9015077,176,0,12,2,254.5,15.0547
node,68,rx,-1,805.493,1355.33,9015077,176,0,7,2,875.933,15.0547
node,10,rx,-1,903.014,1285.14,9015077,176,0,6,2,193.633,15.0547
node,19,rx,-1,771.259,1413.57,9015077,176,0,12,2,378.585,15.0547
node,86,rx,-1,1016.06,1175.73,9015077,176,1,4,2,35.8858,15.0547
node,30,rx,-1,1027.4,1164.63,9015077,176,1,6,2,20.023,15.0547
node,86,tx,-1,1016.06,1175.73,9015077,176,1,4,1,35.8858,15.1825
node,30,rx,-1,1027.4,1164.63,9015077,176,1,6,2,20.023,15.1827
node,75,rx,-1,959.445,1146.38,9015077,176,0,6,2,588.66,15.1827
node,10,rx,-1,903.014,1285.14,9015077,176,0,6,2,193.633,15.1827
node,37,rx,-1,861.319,1329.26,9015077,176,0,12,2,254.5,15.1827
node,42,rx,-1,844.947,1345.47,9015077,176,0,10,2,277.538,15.1827
node,43,rx,-1,828.589,1361.36,9015077,176,1,7,2,300.312,15.1827
node,68,rx,-1,805.493,1355.33,9015077,176,0,7,2,875.933,15.1827
node,19,rx,-1,771.259,1413.57,9015077,176,0,12,2,378.585,15.1827
node,30,tx,-1,1027.4,1164.63,9015077,176,1,6,1,20.023,15.2726
node,86,rx,-1,1016.06,1175.73,9015077,176,1,4,2,35.8858,15.2729
node,75,rx,-1,959.445,1146.38,9015077,176,0,6,2,588.66,15.2729
node,10,rx,-1,903.014,1285.14,9015077,176,0,6,2,193.633,15.2729
node,37,rx,-1,861.319,1329.26,9015077,176,0,12,2,254.5,15.2729
node,42,rx,-1,844.947,1345.47,9015077,176,0,10,2,277.538,15.2729
node,43,rx,-1,828.589,1361.36,9015077,176,1,7,2,300.312,15.2729
node,68,rx,-1,805.493,1355.33,9015077,176,0,7,2,875.933,15.2729
node,19,tx,-1,771.259,1413.57,9015077,176,0,12,1,378.585,15.3098
node,68,rx,-1,805.493,1355.33,9015077,176,0,7,3,875.933,15.3544
node,43,rx,-1,828.589,1361.36,9015077,176,1,7,3,300.312,15.3544
node,39,rx,-1,720.514,1488.99,9015077,176,0,10,3,1038.79,15.3544
node,42,rx,-1,844.947,1345.47,9015077,176,0,10,3,277.538,15.3544
node,37,rx,-1,861.319,1329.26,9015077,176,0,12,3,254.5,15.3544
node,10,rx,-1,903.014,1285.14,9015077,176,0,6,3,193.633,15.3544
node,86,rx,-1,1016.06,1175.73,9015077,176,1,4,3,35.8858,15.3544
node,38,tx,-1,933.575,1313.66,9015077,176,1,11,1,659.093,15.6204
node,10,rx,-1,903.014,1285.14,9015077,176,0,6,3,193.633,15.6544
node,33,rx,-1,808.22,1194.07,9015077,176,0,8,3,323.779,15.6544
node,66,rx,-1,791.719,1172.86,9015077,176,0,8,3,350.444,15.6544
node,7,tx,-1,854.716,1424.24,9015077,176,1,10,1,384.432,15.7432
node,44,rx,-1,840.712,1409.71,9015077,176,1,9,3,364.25,15.7544
node,91,rx,-1,876.329,1446.18,9015077,176,1,3,3,415.231,15.7544
node,68,rx,-1,805.493,1355.33,9015077,176,0,7,3,875.933,15.7544
node,33,tx,-1,808.22,1194.07,9015077,176,0,8,1,323.779,15.8606
node,66,rx,-1,791.719,1172.86,9015077,176,0,8,3,350.444,15.8609
node,10,rx,-1,903.014,1285.14,9015077,176,0,6,3,193.633,15.8609
node,38,rx,-1,933.575,1313.66,9015077,176,1,11,3,659.093,15.8609
node,27,tx,-1,938.289,1124.79,9015077,176,0,9,1,558.427,15.8776
node,75,rx,-1,959.445,1146.38,9015077,176,0,6,3,588.66,15.8778
node,94,rx,-1,795.535,970.755,9015077,176,1,2,3,860.606,15.8778
node,51,rx,-1,1152.86,1358.8,9015077,176,0,10,3,281.883,15.8778
node,76,tx,-1,1377.5,1194.97,9015077,176,0,8,1,1105.73,16.0942
node,18,rx,-1,1406.11,1166.82,9015077,176,0,12,3,1065.59,16.0944
node,12,rx,-1,1456.47,1117.4,9015077,176,0,12,3,995.03,16.0944
node,15,rx,-1,1238.57,1332.28,9015077,176,0,11,3,753.787,16.0944
node,71,rx,-1,1205.84,1362.33,9015077,176,0,6,3,798.213,16.0944
node,23,rx,-1,1157.29,1402.33,9015077,176,1,10,3,347.472,16.0944
node,35,rx,-1,1145.38,961.435,9015077,176,0,11,3,839.825,16.0944
node,61,rx,-1,1134.85,1432.42,9015077,176,0,12,3,384.414,16.0944
node,16,tx,-1,1008.72,821.621,9015077,176,0,8,1,1179.98,16.4111
node,80,rx,-1,1033.78,847.262,9015077,176,0,8,3,1215.83,16.4545
node,24,rx,-1,1051.09,860.265,9015077,176,0,6,3,1237.23,16.4545
node,35,rx,-1,1145.38,961.435,9015077,176,0,11,3,839.825,16.4545
node,17,tx,-1,1408.04,757.412,9015077,176,1,11,1,1346.42,16.5611
node,67,rx,-1,1391.79,773.312,9015077,176,1,9,3,1369.15,16.5613
node,69,rx,-1,1373.4,791.319,9015077,176,1,5,3,1394.89,16.5613
node,65,rx,-1,1463.78,715.045,9015077,176,0,3,3,1287.35,16.5613
node,21,rx,-1,1440.72,693.757,9015077,176,0,10,3,1254.21,16.5613
node,83,rx,-1,1469.64,718.511,9015077,176,1,0,3,1294.45,16.5613
node,24,tx,-1,1051.09,860.265,9015077,176,0,6,1,1237.23,16.5714
node,80,rx,-1,1033.78,847.262,9015077,176,0,8,3,1215.83,16.5717
node,16,rx,-1,1008.72,821.621,9015077,176,0,8,3,1179.98,16.5717
node,35,rx,-1,1145.38,961.435,9015077,176,0,11,3,839.825,16.5717
node,87,tx,-1,1173.51,1371.02,9015077,176,0,10,1,304.956,16.6564
node,71,rx,-1,1205.84,1362.33,9015077,176,0,6,3,798.213,16.6566
node,23,rx,-1,1157.29,1402.33,9015077,176,1,10,3,347.472,16.6566
node,51,rx,-1,1144.43,1349.78,9015077,176,0,12,3,269.525,16.6566
node,61,rx,-1,1134.85,1432.42,9015077,176,0,12,3,384.414,16.6566
node,15,rx,-1,1238.57,1332.28,9015077,176,0,11,3,753.787,16.6566
node,75,rx,-1,953.051,1139.86,9015077,176,0,9,3,579.523,16.6566
node,80,tx,-1,1033.78,847.262,9015077,176,0,8,1,1215.83,16.7146
node,24,rx,-1,1051.09,860.265,9015077,176,0,6,3,1237.23,16.7543
node,16,rx,-1,1008.72,821.621,9015077,176,0,8,3,1179.98,16.7543
node,35,rx,-1,1145.38,961.435,9015077,176,0,11,3,839.825,16.7543
node,58,tx,-1,595.152,1348.21,9015077,176,0,9,1,1052.44,16.769
node,39,rx,-1,723.902,1481.52,9015077,176,0,8,4,1030.64,16.7692
node,55,rx,-1,440.765,1217.74,9015077,176,0,12,4,1121.18,16.7692
node,60,rx,-1,367.054,1123.54,9015077,176,0,11,4,1254.83,16.7692
node,44,tx,-1,832.978,1401.97,9015077,176,1,10,1,353.315,16.8668
node,7,rx,-1,848.361,1417.79,9015077,176,1,9,3,375.376,16.867
node,91,rx,-1,872.431,1442.22,9015077,176,1,5,3,409.676,16.867
node,68,rx,-1,807.865,1348.71,9015077,176,0,8,3,867.694,16.867
node,51,tx,-1,1137.07,1341.92,9015077,176,0,10,1,258.747,17.1338
node,87,rx,-1,1166.12,1363.25,9015077,176,0,10,3,294.234,17.1545
node,23,rx,-1,1164.77,1395.32,9015077,176,1,10,3,337.216,17.1545
node,71,rx,-1,1211.97,1356.71,9015077,176,0,8,3,789.897,17.1545
node,75,rx,-1,945.328,1131.97,9015077,176,0,11,3,568.486,17.1545
node,27,rx,-1,922.882,1109.07,9015077,176,0,11,3,536.413,17.1545
node,71,tx,-1,1211.97,1356.71,9015077,176,0,8,1,789.897,17.2484
node,87,rx,-1,1166.12,1363.25,9015077,176,0,10,4,294.234,17.2544
node,15,rx,-1,1247.29,1324.07,9015077,176,0,11,4,741.888,17.2544
node,23,rx,-1,1164.77,1395.32,9015077,176,1,10,4,337.216,17.2544
node,51,rx,-1,1137.07,1341.92,9015077,176,0,10,4,258.747,17.2544
node,61,rx,-1,1143.85,1423.99,9015077,176,0,12,4,372.082,17.2544
node,76,rx,-1,1383.74,1188.77,9015077,176,0,8,4,1096.92,17.2544
node,18,rx,-1,1414.65,1158.44,9015077,176,0,11,4,1053.62,17.2544
node,12,tx,-1,1464.75,1109.27,9015077,176,0,11,1,983.418,17.3087
node,91,tx,-1,868.295,1438.02,9015077,176,1,5,1,403.782,17.3143
node,69,tx,-1,1378,786.814,9015077,176,1,6,1,1388.45,17.3517
node,7,rx,-1,841.518,1410.56,9015077,176,1,9,3,365.424,17.3544
node,44,rx,-1,825.9,1394.93,9015077,176,1,9,3,343.333,17.3544
node,41,rx,-1,945.989,1485.45,9015077,176,1,11,3,666.684,17.3544
node,67,rx,-1,1400.28,765.007,9015077,176,1,11,3,1357.28,17.3545
node,17,rx,-1,1416.12,749.498,9015077,176,1,11,3,1335.11,17.3545
node,83,rx,-1,1467.28,720.821,9015077,176,1,0,3,1294.45,17.3545
node,65,rx,-1,1462.56,709.673,9015077,176,0,5,3,1281.61,17.3545
node,62,rx,-1,1516.16,1146.5,9015077,176,0,12,4,911.577,17.3545
node,18,rx,-1,1414.65,1158.44,9015077,176,0,11,4,1053.62,17.3545
node,74,rx,-1,1532.62,1163.32,9015077,176,0,11,4,888.046,17.3545
node,76,rx,-1,1383.74,1188.77,9015077,176,0,8,4,1096.92,17.3545
node,8,rx,-1,1555.37,1186.58,9015077,176,0,12,4,855.509,17.3545
node,15,rx,-1,1247.29,1324.07,9015077,176,0,11,4,741.888,17.3545
node,66,tx,-1,806.96,1188.13,9015077,176,0,11,1,328.874,17.5219
node,33,rx,-1,820.996,1206.86,9015077,176,0,8,3,305.696,17.5543
node,10,rx,-1,909.528,1279.95,9015077,176,0,3,3,185.134,17.5543
node,38,rx,-1,949.534,1330.04,9015077,176,1,11,3,636.222,17.5543
node,36,rx,-1,565.772,938.831,9015077,176,0,10,3,681.298,17.5543
node,55,tx,-1,448.296,1225.35,9015077,176,0,10,1,1110.48,17.5766
node,60,rx,-1,375.774,1132.41,9015077,176,0,12,5,1242.41,17.5768
node,58,rx,-1,590.114,1351.58,9015077,176,0,6,5,1046.35,17.5768
node,61,tx,-1,1143.85,1423.99,9015077,176,0,12,1,372.082,17.6535
node,23,rx,-1,1164.77,1395.32,9015077,176,1,10,4,337.216,17.6544
node,87,rx,-1,1166.12,1363.25,9015077,176,0,10,4,294.234,17.6544
node,71,rx,-1,1211.97,1356.71,9015077,176,0,8,4,789.897,17.6544
node,15,rx,-1,1247.29,1324.07,9015077,176,0,11,4,741.888,17.6544
node,76,rx,-1,1383.74,1188.77,9015077,176,0,8,4,1096.92,17.6544
node,41,tx,-1,945.989,1485.45,9015077,176,1,11,1,666.684,17.6652
node,91,rx,-1,868.295,1438.02,9015077,176,1,5,4,403.782,17.6654
node,39,rx,-1,725.315,1472.78,9015077,176,0,8,4,1021.84,17.6654
node,4,tx,-1,423.177,1472.57,9015077,176,1,11,1,817.87,17.6672
node,77,rx,-1,388.071,1471.12,9015077,176,1,11,4,852.998,17.6675
node,93,rx,-1,358.912,1470.23,9015077,176,1,7,4,882.171,17.6675
node,39,rx,-1,725.315,1472.78,9015077,176,0,8,4,1021.84,17.6675
node,94,tx,-1,802.872,963.605,9015077,176,1,5,1,850.362,17.6836
node,85,rx,-1,825.432,941.61,9015077,176,1,11,3,818.854,17.6839
node,20,rx,-1,846.044,921.51,9015077,176,1,11,3,790.063,17.6839
node,3,rx,-1,955.346,814.837,9015077,176,0,12,3,1175.77,17.6839
node,60,tx,-1,375.774,1132.41,9015077,176,0,12,1,1242.41,17.7114
node,65,tx,-1,1462.56,709.673,9015077,176,0,5,1,1281.61,17.7447
node,55,rx,-1,448.296,1225.35,9015077,176,0,10,5,1110.48,17.7545
node,58,rx,-1,590.114,1351.58,9015077,176,0,6,5,1046.35,17.7545
node,83,rx,-1,1467.28,720.821,9015077,176,1,0,4,1294.45,17.7546
node,21,rx,-1,1433.18,686.076,9015077,176,0,10,4,1243.34,17.7546
node,17,rx,-1,1416.12,749.498,9015077,176,1,11,4,1335.11,17.7546
node,67,rx,-1,1400.28,765.007,9015077,176,1,11,4,1357.28,17.7546
node,40,rx,-1,1397.44,649.688,9015077,176,0,9,4,1192.33,17.7546
node,69,rx,-1,1378,786.814,9015077,176,1,6,4,1388.45,17.7546
node,67,tx,-1,1400.28,765.007,9015077,176,1,11,1,1357.28,17.7853
node,17,rx,-1,1416.12,749.498,9015077,176,1,11,3,1335.11,17.7856
node,69,rx,-1,1378,786.814,9015077,176,1,6,3,1388.45,17.7856
node,83,rx,-1,1467.28,720.821,9015077,176,1,0,3,1294.45,17.7856
node,65,rx,-1,1462.56,709.673,9015077,176,0,5,3,1281.61,17.7856
node,21,tx,-1,1433.18,686.076,9015077,176,0,10,1,1243.34,17.8824
node,65,rx,-1,1462.56,709.673,9015077,176,0,5,4,1281.61,17.8827
node,83,rx,-1,1467.28,720.821,9015077,176,1,0,4,1294.45,17.8827
node,40,rx,-1,1397.44,649.688,9015077,176,0,9,4,1192.33,17.8827
node,17,rx,-1,1416.12,749.498,9015077,176,1,11,4,1335.11,17.8827
node,23,tx,-1,1164.77,1395.32,9015077,176,1,10,1,337.216,17.9059
node,87,rx,-1,1166.12,1363.25,9015077,176,0,10,4,294.234,17.9546
node,61,rx,-1,1143.85,1423.99,9015077,176,0,12,4,372.082,17.9546
node,51,rx,-1,1137.07,1341.92,9015077,176,0,10,4,258.747,17.9546
node,71,rx,-1,1211.97,1356.71,9015077,176,0,8,4,789.897,17.9546
node,15,rx,-1,1247.29,1324.07,9015077,176,0,11,4,741.888,17.9546
node,76,rx,-1,1383.74,1188.77,9015077,176,0,8,4,1096.92,17.9546
node,18,rx,-1,1414.65,1158.44,9015077,176,0,11,4,1053.62,17.9546
node,15,tx,-1,1256.57,1315.15,9015077,176,0,12,1,729.021,18.2497
node,71,rx,-1,1219.31,1349.97,9015077,176,0,9,4,779.939,18.2544
node,87,rx,-1,1156.07,1357.4,9015077,176,0,11,4,283.067,18.2544
node,23,rx,-1,1171.19,1389.31,9015077,176,1,8,4,328.427,18.2544
node,61,rx,-1,1152.04,1416.3,9015077,176,0,11,4,360.85,18.2544
node,76,rx,-1,1390.9,1181.74,9015077,176,0,10,4,1086.89,18.2544
node,18,rx,-1,1423.01,1150.23,9015077,176,0,11,4,1041.9,18.2544
node,8,rx,-1,1561.58,1194.87,9015077,176,0,10,4,844.735,18.2544
node,18,tx,-1,1423.01,1150.23,9015077,176,0,11,1,1041.9,18.3663
node,76,rx,-1,1390.9,1181.74,9015077,176,0,10,4,1086.89,18.3665
node,12,rx,-1,1473.54,1103.29,9015077,176,0,11,4,972.299,18.3665
node,15,rx,-1,1256.57,1315.15,9015077,176,0,12,4,729.021,18.3665
node,71,rx,-1,1219.31,1349.97,9015077,176,0,9,4,779.939,18.3665
node,23,rx,-1,1171.19,1389.31,9015077,176,1,8,4,328.427,18.3665
node,93,tx,-1,367.954,1470.45,9015077,176,1,9,1,873.127,18.4123
node,77,rx,-1,398.508,1471.71,9015077,176,1,10,5,842.55,18.4546
node,4,rx,-1,435.3,1473,9015077,176,1,12,5,805.742,18.4546
node,40,tx,-1,1389.3,641.399,9015077,176,0,11,1,1180.72,18.6716
node,46,rx,-1,1373.84,592.603,9015077,176,0,11,5,1156.9,18.6719
node,21,rx,-1,1425.27,678.029,9015077,176,0,11,5,1232.06,18.6719
node,65,rx,-1,1458.81,702.764,9015077,176,0,8,5,1273.31,18.6719
node,83,rx,-1,1467.05,720.477,9015077,176,1,0,5,1294.02,18.6719
node,70,rx,-1,1317.91,460.187,9015077,176,0,11,5,1470.19,18.6719
node,9,rx,-1,1345.98,431.743,9015077,176,0,12,5,1430.21,18.6719
node,53,rx,-1,1333.67,389.585,9015077,176,0,12,5,1449.65,18.6719
node,74,tx,-1,1540.24,1171.13,9015077,176,0,10,1,877.131,18.8666
node,62,rx,-1,1525.23,1155.77,9015077,176,0,12,5,898.606,18.8669
node,8,rx,-1,1561.58,1194.87,9015077,176,0,10,5,844.735,18.8669
node,12,rx,-1,1473.54,1103.29,9015077,176,0,11,5,972.299,18.8669
node,3,tx,-1,963.791,806.589,9015077,176,0,11,1,1163.97,18.8843
node,16,rx,-1,996.812,809.432,9015077,176,0,8,4,1162.94,18.8846
node,20,rx,-1,854.793,912.979,9015077,176,1,12,4,777.843,18.8846
node,85,rx,-1,834.293,932.968,9015077,176,1,12,4,806.476,18.8846
node,94,rx,-1,808.66,957.964,9015077,176,1,8,4,842.279,18.8846
node,96,rx,-1,1175.48,606.22,9015077,176,0,1,4,1131.14,18.8846
node,90,rx,-1,1186.16,617.159,9015077,176,0,5,4,1115.85,18.8846
node,77,tx,-1,409.33,1472.09,9015077,176,1,10,1,831.723,19.1769
node,93,rx,-1,377.605,1470.67,9015077,176,1,9,5,863.474,19.1772
node,4,rx,-1,447.158,1473.43,9015077,176,1,11,5,793.881,19.1772
node,85,tx,-1,843.112,924.369,9015077,176,1,12,1,794.158,19.4163
node,20,rx,-1,863.729,904.265,9015077,176,1,12,4,765.362,19.4544
node,94,rx,-1,815.457,951.336,9015077,176,1,9,4,832.786,19.4544
node,3,rx,-1,970.009,800.513,9015077,176,0,8,4,1155.27,19.4544
node,9,tx,-1,1352.58,425.33,9015077,176,0,9,1,1421,19.5414
node,83,tx,-1,1466.59,719.814,9015077,176,1,0,1,1293.18,19.5438
node,53,rx,-1,1342.05,398.149,9015077,176,0,12,6,1437.6,19.5544
node,70,rx,-1,1326.54,451.375,9015077,176,0,12,6,1457.86,19.5544
node,57,rx,-1,1438.75,497.617,9015077,176,0,10,6,1298.91,19.5544
node,81,rx,-1,1397.27,569.644,9015077,176,0,10,6,1189.71,19.5544
node,96,rx,-1,1176.97,607.745,9015077,176,0,2,6,1129.01,19.5544
node,65,rx,-1,1449.4,697.887,9015077,176,1,10,4,1263.24,19.5544
node,17,rx,-1,1433.51,732.483,9015077,176,1,12,4,1310.78,19.5544
node,67,rx,-1,1417.03,748.615,9015077,176,1,12,4,1333.84,19.5544
node,21,rx,-1,1416.27,668.863,9015077,176,0,12,4,1219.21,19.5544
node,69,rx,-1,1391.03,774.056,9015077,176,1,10,4,1370.21,19.5544
node,64,rx,-1,1705.58,959.811,9015077,176,1,10,4,1047.53,19.5544
node,53,tx,-1,1342.05,398.149,9015077,176,0,12,1,1437.6,19.6225
node,9,rx,-1,1352.58,425.33,9015077,176,0,9,6,1421,19.6545
node,70,rx,-1,1326.54,451.375,9015077,176,0,12,6,1457.86,19.6545
node,57,rx,-1,1438.75,497.617,9015077,176,0,10,6,1298.91,19.6545
node,81,rx,-1,1397.27,569.644,9015077,176,0,10,6,1189.71,19.6545
node,46,rx,-1,1368.84,597.516,9015077,176,0,7,6,1149.89,19.6545
node,40,rx,-1,1381.84,633.804,9015077,176,0,10,6,1170.07,19.6545
node,96,rx,-1,1176.97,607.745,9015077,176,0,2,6,1129.01,19.6545
node,26,rx,-1,1538.15,599.267,9015077,176,1,11,6,1156.66,19.6545
node,90,tx,-1,1191.02,622.136,9015077,176,0,6,1,1108.89,19.7907
node,96,rx,-1,1176.97,607.745,9015077,176,0,2,5,1129.01,19.7909
node,11,rx,-1,1214.81,646.526,9015077,176,0,8,5,1074.82,19.7909
node,20,tx,-1,863.729,904.265,9015077,176,1,12,1,765.362,19.7921
node,85,rx,-1,843.112,924.369,9015077,176,1,12,4,794.158,19.7923
node,94,rx,-1,815.457,951.336,9015077,176,1,9,4,832.786,19.7923
node,3,rx,-1,970.009,800.513,9015077,176,0,8,4,1155.27,19.7923
node,96,tx,-1,1176.97,607.745,9015077,176,0,2,1,1129.01,19.891
node,90,rx,-1,1191.02,622.136,9015077,176,0,6,5,1108.89,19.8913
node,11,rx,-1,1214.81,646.526,9015077,176,0,8,5,1074.82,19.8913
node,70,rx,-1,1326.54,451.375,9015077,176,0,12,5,1457.86,19.8913
node,9,rx,-1,1352.58,425.33,9015077,176,0,9,5,1421,19.8913
node,53,rx,-1,1342.05,398.149,9015077,176,0,12,5,1437.6,19.8913
node,3,rx,-1,970.009,800.513,9015077,176,0,8,5,1155.27,19.8913
node,36,tx,-1,582.725,954.946,9015077,176,0,10,1,657.911,19.9518
node,14,rx,-1,471.311,849.09,9015077,176,0,11,4,812.174,19.9545
node,56,rx,-1,431.512,805.888,9015077,176,0,11,4,870.912,19.9545
node,66,rx,-1,818.438,1204.3,9015077,176,0,10,4,309.317,19.9545
node,8,tx,-1,1545.8,1211.18,9015077,176,0,11,1,821.969,20.0567
node,74,rx,-1,1556.4,1187.63,9015077,176,0,11,5,854.039,20.0569
node,62,rx,-1,1541.05,1171.95,9015077,176,0,11,5,875.976,20.0569
node,22,rx,-1,1731.3,1029.97,9015077,176,0,1,5,1298.29,20.0569
node,88,rx,-1,1738.71,1023.28,9015077,176,0,0,5,1308.27,20.0569
node,5,rx,-1,1780.66,979.573,9015077,176,0,12,5,1149.86,20.0569
node,71,rx,-1,1236.78,1333.93,9015077,176,0,12,5,756.215,20.0569
node,46,tx,-1,1362.33,602.242,9015077,176,0,8,1,1141.74,20.1659
node,40,rx,-1,1374.29,626.119,9015077,176,0,10,6,1159.3,20.1662
node,81,rx,-1,1389.66,577.085,9015077,176,0,10,6,1179.06,20.1662
node,21,rx,-1,1408.02,660.463,9015077,176,0,11,6,1207.44,20.1662
node,65,rx,-1,1439.46,692.472,9015077,176,1,10,6,1252.4,20.1662
node,57,rx,-1,1447.83,506.901,9015077,176,0,12,6,1285.93,20.1662
node,83,rx,-1,1465.01,717.488,9015077,176,1,2,6,1290.25,20.1662
node,70,rx,-1,1334.89,442.846,9015077,176,0,11,6,1445.93,20.1662
node,9,rx,-1,1355.95,422.053,9015077,176,0,4,6,1416.3,20.1662
node,53,rx,-1,1350.25,406.7,9015077,176,0,11,6,1425.76,20.1662
node,70,tx,-1,1334.89,442.846,9015077,176,0,11,1,1445.93,20.257
node,9,rx,-1,1355.95,422.053,9015077,176,0,4,6,1416.3,20.2573
node,53,rx,-1,1350.25,406.7,9015077,176,0,11,6,1425.76,20.2573
node,57,rx,-1,1447.83,506.901,9015077,176,0,12,6,1285.93,20.2573
node,81,rx,-1,1389.66,577.085,9015077,176,0,10,6,1179.06,20.2573
node,46,rx,-1,1362.33,602.242,9015077,176,0,8,6,1141.74,20.2573
node,40,rx,-1,1374.29,626.119,9015077,176,0,10,6,1159.3,20.2573
node,96,rx,-1,1178.73,609.547,9015077,176,0,2,6,1126.49,20.2573
node,62,tx,-1,1541.05,1171.95,9015077,176,0,11,1,875.976,20.3258
node,74,rx,-1,1556.4,1187.63,9015077,176,0,11,5,854.039,20.3546
node,8,rx,-1,1545.8,1211.18,9015077,176,0,11,5,821.969,20.3546
node,12,rx,-1,1491.68,1121.47,9015077,176,0,12,5,946.592,20.3546
node,26,tx,-1,1545.04,606.308,9015077,176,1,9,1,1146.79,20.4887
node,83,rx,-1,1465.01,717.488,9015077,176,1,2,7,1290.25,20.489
node,57,rx,-1,1447.83,506.901,9015077,176,0,12,7,1285.93,20.489
node,17,rx,-1,1441.92,724.249,9015077,176,1,11,7,1299.01,20.489
node,67,rx,-1,1424.59,741.209,9015077,176,1,10,7,1323.26,20.489
node,69,rx,-1,1400,765.278,9015077,176,1,12,7,1357.66,20.489
node,9,rx,-1,1355.95,422.053,9015077,176,0,4,7,1416.3,20.489
node,53,rx,-1,1350.25,406.7,9015077,176,0,11,7,1425.76,20.489
node,22,tx,-1,1731.3,1029.97,9015077,176,0,1,1,1298.29,20.7019
node,88,rx,-1,1738.71,1023.28,9015077,176,0,0,6,1308.27,20.7545
node,25,rx,-1,1771.23,1022.66,9015077,176,0,12,6,1139.33,20.7545
node,5,rx,-1,1780.66,979.573,9015077,176,0,12,6,1149.86,20.7545
node,84,rx,-1,1796.72,962.858,9015077,176,0,12,6,1173.05,20.7545
node,92,rx,-1,1837.11,924.893,9015077,176,0,8,6,1228.5,20.7545
node,74,rx,-1,1556.4,1187.63,9015077,176,0,11,6,854.039,20.7545
node,8,rx,-1,1545.8,1211.18,9015077,176,0,11,6,821.969,20.7545
node,5,tx,-1,1780.66,979.573,9015077,176,0,12,1,1149.86,20.9924
node,84,rx,-1,1796.72,962.858,9015077,176,0,12,6,1173.05,20.9926
node,25,rx,-1,1771.23,1022.66,9015077,176,0,12,6,1139.33,20.9926
node,88,rx,-1,1738.71,1023.28,9015077,176,0,0,6,1308.27,20.9926
node,22,rx,-1,1731.3,1029.97,9015077,176,0,1,6,1298.29,20.9926
node,92,rx,-1,1837.11,924.893,9015077,176,0,8,6,1228.5,20.9926
node,8,rx,-1,1545.8,1211.18,9015077,176,0,11,6,821.969,20.9926
node,57,tx,-1,1456.52,515.79,9015077,176,0,12,1,1273.49,21.2035
node,81,rx,-1,1381.87,584.704,9015077,176,0,10,7,1168.17,21.2545
node,26,rx,-1,1549.26,610.633,9015077,176,1,6,7,1140.75,21.2545
node,9,rx,-1,1356.64,421.378,9015077,176,0,0,7,1415.33,21.2545
node,46,rx,-1,1353.45,608.752,9015077,176,0,9,7,1132.02,21.2545
node,53,rx,-1,1357.52,414.308,9015077,176,0,10,7,1415.02,21.2545
node,70,rx,-1,1339.8,433.144,9015077,176,0,10,7,1435.63,21.2545
node,64,tx,-1,1690.94,944.826,9015077,176,1,9,1,1026.59,21.3843
node,25,rx,-1,1762.37,1013.32,9015077,176,0,12,5,1126.48,21.3845
node,73,rx,-1,1795.58,1042.94,9015077,176,0,12,5,1170.85,21.3845
node,2,rx,-1,1845.59,1094.31,9015077,176,0,11,5,1242.53,21.3845
node,34,rx,-1,1852.65,1096.11,9015077,176,0,0,5,1251.06,21.3845
node,28,rx,-1,1858.82,1091.8,9015077,176,1,0,5,1258.59,21.3845
node,83,rx,-1,1463.25,712.722,9015077,176,1,5,5,1284.87,21.3845
node,50,rx,-1,1927.63,1190.62,9015077,176,0,11,5,1369.86,21.3845
node,14,tx,-1,485.516,864.509,9015077,176,0,11,1,791.209,21.4267
node,81,tx,-1,1381.87,584.704,9015077,176,0,10,1,1168.17,21.4456
node,56,rx,-1,445.949,821.56,9015077,176,0,10,5,849.604,21.4543
node,36,rx,-1,593.656,966.128,9015077,176,0,5,5,642.415,21.4543
node,40,rx,-1,1366.15,617.831,9015077,176,0,11,7,1147.59,21.4544
node,46,rx,-1,1353.45,608.752,9015077,176,0,9,7,1132.02,21.4544
node,57,rx,-1,1456.52,515.79,9015077,176,0,12,7,1273.49,21.4544
node,70,rx,-1,1339.8,433.144,9015077,176,0,10,7,1435.63,21.4544
node,9,rx,-1,1356.64,421.378,9015077,176,0,0,7,1415.33,21.4544
node,53,rx,-1,1357.52,414.308,9015077,176,0,10,7,1415.02,21.4544
node,56,tx,-1,445.949,821.56,9015077,176,0,10,1,849.604,21.5785
node,14,rx,-1,485.516,864.509,9015077,176,0,11,5,791.209,21.5787
node,36,rx,-1,593.656,966.128,9015077,176,0,5,5,642.415,21.5787
node,11,tx,-1,1226.82,658.831,9015077,176,0,8,1,1057.63,21.8464
node,90,rx,-1,1198.78,630.093,9015077,176,0,6,6,1097.78,21.8544
node,96,rx,-1,1181.31,612.189,9015077,176,0,3,6,1122.8,21.8544
node,98,rx,-1,1174.35,605.06,9015077,176,0,0,6,1132.76,21.8544
node,73,tx,-1,1787.95,1035.11,9015077,176,0,10,1,1159.91,22.222
node,25,rx,-1,1753.05,1007,9015077,176,0,11,6,1114.66,22.2546
node,5,rx,-1,1765.6,995.107,9015077,176,0,9,6,1128.22,22.2546
node,88,rx,-1,1737.69,1024.2,9015077,176,0,0,6,1306.89,22.2546
node,22,rx,-1,1729,1032.05,9015077,176,0,1,6,1295.19,22.2546
node,2,rx,-1,1837.81,1086.31,9015077,176,0,11,6,1231.37,22.2546
node,34,rx,-1,1852.65,1096.11,9015077,176,0,0,6,1251.06,22.2546
node,28,rx,-1,1858.82,1091.8,9015077,176,1,0,6,1258.58,22.2546
node,89,rx,-1,1865.36,1087.86,9015077,176,1,0,6,1266.26,22.2546
node,64,rx,-1,1684.15,937.87,9015077,176,1,9,6,1016.87,22.2546
node,50,rx,-1,1920.42,1183.02,9015077,176,0,10,6,1359.38,22.2546
node,32,rx,-1,1934.98,1202.77,9015077,176,0,2,6,1385.54,22.2546
node,88,tx,-1,1737.69,1024.2,9015077,176,0,0,1,1306.89,22.4737
node,22,rx,-1,1729,1032.05,9015077,176,0,1,6,1295.19,22.4739
node,25,rx,-1,1753.05,1007,9015077,176,0,11,6,1114.66,22.4739
node,5,rx,-1,1765.6,995.107,9015077,176,0,9,6,1128.22,22.4739
node,73,rx,-1,1787.95,1035.11,9015077,176,0,10,6,1159.91,22.4739
node,84,rx,-1,1779.81,980.455,9015077,176,0,12,6,1148.64,22.4739
node,92,rx,-1,1820.05,940.457,9015077,176,0,12,6,1205.41,22.4739
node,89,rx,-1,1865.36,1087.86,9015077,176,1,0,6,1266.26,22.4739
node,62,rx,-1,1556.12,1187.35,9015077,176,0,10,6,854.434,22.4739
node,74,rx,-1,1553.43,1203.49,9015077,176,0,11,6,832.795,22.4739
node,8,rx,-1,1530.32,1226.73,9015077,176,0,11,6,800.032,22.4739
node,84,tx,-1,1779.81,980.455,9015077,176,0,12,1,1148.64,22.5109
node,5,rx,-1,1765.6,995.107,9015077,176,0,9,7,1128.22,22.5544
node,25,rx,-1,1753.05,1007,9015077,176,0,11,7,1114.66,22.5544
node,92,rx,-1,1820.05,940.457,9015077,176,0,12,7,1205.41,22.5544
node,88,rx,-1,1737.69,1024.2,9015077,176,0,0,7,1306.89,22.5544
node,22,rx,-1,1729,1032.05,9015077,176,0,1,7,1295.19,22.5544
node,74,rx,-1,1553.43,1203.49,9015077,176,0,11,7,832.795,22.5544
node,28,tx,-1,1858.82,1091.8,9015077,176,1,0,1,1258.58,22.655
node,34,rx,-1,1852.65,1096.11,9015077,176,0,0,6,1251.06,22.6552
node,89,rx,-1,1865.36,1087.86,9015077,176,1,0,6,1266.26,22.6552
node,97,rx,-1,1872.65,1084.9,9015077,176,1,0,6,1274.12,22.6552
node,2,rx,-1,1837.81,1086.31,9015077,176,0,11,6,1231.37,22.6552
node,6,rx,-1,1899.86,1073.35,9015077,176,0,12,6,1303.71,22.6552
node,73,rx,-1,1787.95,1035.11,9015077,176,0,10,6,1159.91,22.6552
node,50,rx,-1,1920.42,1183.02,9015077,176,0,10,6,1359.38,22.6552
node,32,rx,-1,1934.98,1202.77,9015077,176,0,2,6,1385.54,22.6552
node,25,rx,-1,1753.05,1007,9015077,176,0,11,6,1114.66,22.6552
node,64,rx,-1,1684.15,937.87,9015077,176,1,9,6,1016.87,22.6552
node,98,tx,-1,1174.96,605.684,9015077,176,0,0,1,1131.89,22.8826
node,96,rx,-1,1184,614.947,9015077,174,0,3,7,1118.94,22.8828
node,90,rx,-1,1202.03,633.425,9015077,174,0,4,7,1093.12,22.8828
node,11,rx,-1,1231.82,663.964,9015077,174,0,7,7,1050.46,22.8828
node,70,rx,-1,1348.18,425.002,9015077,174,0,11,7,1423.93,22.8828
node,9,rx,-1,1358.25,419.82,9015077,174,0,2,7,1413.1,22.8828
node,53,rx,-1,1365.93,423.14,9015077,174,0,11,7,1403.09,22.8828
node,16,rx,-1,971.349,783.175,9015077,174,0,8,7,1119.36,22.8828
node,3,rx,-1,976.798,793.878,9015077,174,0,0,7,1145.78,22.8828
node,25,tx,-1,1744.15,999.166,9015077,176,0,12,1,1102.65,23.0217
node,5,rx,-1,1762.2,998.583,9015077,176,0,4,7,1123.36,23.0545
node,88,rx,-1,1735.87,1025.84,9015077,176,0,2,7,1304.44,23.0545
node,84,rx,-1,1773.88,986.623,9015077,176,0,8,7,1140.08,23.0545
node,22,rx,-1,1727.77,1033.16,9015077,176,0,1,7,1293.53,23.0545
node,73,rx,-1,1779.92,1026.86,9015077,176,0,11,7,1148.4,23.0545
node,92,rx,-1,1811.67,948.087,9015077,176,0,11,7,1194.07,23.0545
node,64,rx,-1,1677.16,930.707,9015077,176,1,10,7,1006.76,23.0545
node,2,rx,-1,1830.32,1078.61,9015077,176,0,10,7,1220.63,23.0545
node,34,rx,-1,1852.65,1096.11,9015077,176,0,0,7,1251.06,23.0545
node,28,rx,-1,1858.81,1091.81,9015077,176,1,0,7,1258.57,23.0545
node,89,rx,-1,1865.31,1087.88,9015077,176,1,0,7,1266.2,23.0545
node,50,rx,-1,1912.43,1174.59,9015077,176,0,11,7,1347.76,23.0545
node,32,rx,-1,1935.59,1199.26,9015077,176,0,3,7,1381.62,23.0545
node,2,tx,-1,1830.32,1078.61,9015077,176,0,10,1,1220.63,23.5713
node,34,rx,-1,1852.65,1096.11,9015077,176,0,0,6,1251.06,23.5715
node,28,rx,-1,1858.81,1091.81,9015077,176,1,0,6,1258.57,23.5715
node,89,rx,-1,1865.31,1087.88,9015077,176,1,0,6,1266.2,23.5715
node,97,rx,-1,1872.52,1084.95,9015077,176,1,0,6,1273.98,23.5715
node,73,rx,-1,1779.92,1026.86,9015077,176,0,11,6,1148.4,23.5715
node,5,rx,-1,1762.2,998.583,9015077,176,0,4,6,1123.36,23.5715
node,25,rx,-1,1744.15,999.166,9015077,176,0,12,6,1102.65,23.5715
node,50,rx,-1,1912.43,1174.59,9015077,176,0,11,6,1347.76,23.5715
node,32,rx,-1,1935.59,1199.26,9015077,176,0,3,6,1381.62,23.5715
node,64,rx,-1,1677.16,930.707,9015077,176,1,10,6,1006.76,23.5715
node,29,rx,-1,1878.25,732.386,9015077,176,1,8,6,1299.74,23.5715
node,92,tx,-1,1811.67,948.087,9015077,176,0,11,1,1194.07,23.6275
node,84,rx,-1,1773.88,986.623,9015077,176,0,8,7,1140.08,23.6544
node,5,rx,-1,1762.2,998.583,9015077,176,0,4,7,1123.36,23.6544
node,25,rx,-1,1744.15,999.166,9015077,176,0,12,7,1102.65,23.6544
node,88,rx,-1,1735.87,1025.84,9015077,176,0,2,7,1304.44,23.6544
node,22,rx,-1,1727.77,1033.16,9015077,176,0,1,7,1293.53,23.6544
node,34,tx,-1,1852.65,1096.11,9015077,176,0,0,1,1251.06,23.7494
node,28,rx,-1,1858.81,1091.81,9015077,176,1,0,6,1258.57,23.7544
node,89,rx,-1,1865.31,1087.88,9015077,176,1,0,6,1266.2,23.7544
node,97,rx,-1,1872.52,1084.95,9015077,176,1,0,6,1273.98,23.7544
node,2,rx,-1,1830.32,1078.61,9015077,176,0,10,6,1220.63,23.7544
node,6,rx,-1,1891.36,1077.18,9015077,176,0,9,6,1294.35,23.7544
node,50,rx,-1,1912.43,1174.59,9015077,176,0,11,6,1347.76,23.7544
node,73,rx,-1,1779.92,1026.86,9015077,176,0,11,6,1148.4,23.7544
node,32,rx,-1,1935.59,1199.26,9015077,176,0,3,6,1381.62,23.7544
node,5,rx,-1,1762.2,998.583,9015077,176,0,4,6,1123.36,23.7544
node,25,rx,-1,1744.15,999.166,9015077,176,0,12,6,1102.65,23.7544
node,64,rx,-1,1677.16,930.707,9015077,176,1,10,6,1006.76,23.7544
node,50,tx,-1,1912.43,1174.59,9015077,176,0,11,1,1347.76,23.8095
node,32,rx,-1,1935.59,1199.26,9015077,176,0,3,6,1381.62,23.8544
node,28,rx,-1,1858.81,1091.81,9015077,176,1,0,6,1258.57,23.8544
node,34,rx,-1,1852.65,1096.11,9015077,176,0,0,6,1251.06,23.8544
node,2,rx,-1,1830.32,1078.61,9015077,176,0,10,6,1220.63,23.8544
node,73,rx,-1,1779.92,1026.86,9015077,176,0,11,6,1148.4,23.8544
node,5,rx,-1,1762.2,998.583,9015077,176,0,4,6,1123.36,23.8544
node,25,rx,-1,1744.15,999.166,9015077,176,0,12,6,1102.65,23.8544
node,64,rx,-1,1677.16,930.707,9015077,176,1,10,6,1006.76,23.8544
node,97,tx,-1,1872.51,1084.96,9015077,176,1,0,1,1273.97,24.2195
node,89,rx,-1,1865.3,1087.88,9015077,176,1,0,7,1266.19,24.2546
node,6,rx,-1,1885.55,1079.6,9015077,176,0,6,7,1288.06,24.2546
node,28,rx,-1,1858.8,1091.81,9015077,176,1,0,7,1258.56,24.2546
node,34,rx,-1,1852.65,1096.11,9015077,176,0,0,7,1251.06,24.2546
node,32,tx,-1,1931.26,1194.45,9015077,176,0,6,1,1375.14,24.3964
node,50,rx,-1,1904.24,1165.96,9015077,176,0,11,7,1335.85,24.3966
node,28,rx,-1,1858.8,1091.81,9015077,176,1,0,7,1258.56,24.3966
node,34,rx,-1,1852.65,1096.11,9015077,176,0,0,7,1251.06,24.3966
node,2,rx,-1,1821.67,1069.73,9015077,176,0,12,7,1208.24,24.3966
node,73,rx,-1,1769.62,1021.02,9015077,176,0,11,7,1137.03,24.3966
node,5,rx,-1,1760.16,1000.66,9015077,176,0,2,7,1120.45,24.3966
node,25,rx,-1,1736.16,991.038,9015077,176,0,11,7,1091.25,24.3966
node,89,tx,-1,1865.3,1087.88,9015077,176,1,0,1,1266.19,24.62
node,28,rx,-1,1858.8,1091.81,9015077,176,1,0,7,1258.56,24.6543
node,97,rx,-1,1872.51,1084.96,9015077,176,1,0,7,1273.97,24.6543
node,34,rx,-1,1852.65,1096.11,9015077,176,0,0,7,1251.06,24.6543
node,6,rx,-1,1885.55,1079.6,9015077,176,0,6,7,1288.06,24.6543
node,2,rx,-1,1821.67,1069.73,9015077,176,0,12,7,1208.24,24.6543
node,73,rx,-1,1769.62,1021.02,9015077,176,0,11,7,1137.03,24.6543
node,29,tx,-1,1877.29,742.054,9015077,176,1,9,1,1290.03,24.6825
node,78,rx,-1,1879.11,723.538,9015077,176,1,9,7,1308.63,24.6828
node,49,rx,-1,1775.45,649.085,9015077,176,0,11,7,1140.28,24.6828
node,6,tx,-1,1882.59,1080.83,9015077,176,0,3,1,1284.85,25.5773
node,97,rx,-1,1872.49,1084.96,9015077,176,1,0,7,1273.95,25.5775
node,89,rx,-1,1865.27,1087.89,9015077,176,1,0,7,1266.16,25.5775
node,28,rx,-1,1858.8,1091.81,9015077,176,1,0,7,1258.56,25.5775
node,34,rx,-1,1852.65,1096.11,9015077,176,0,0,7,1251.06,25.5775
node,78,tx,-1,1877.18,743.224,9015077,176,1,10,1,1288.85,26.0622
node,29,rx,-1,1865.17,739.285,9015077,176,1,10,8,1267.67,26.0625
node,49,rx,-1,1764.24,637.647,9015077,176,0,6,8,1124.26,26.0625
node,49,tx,-1,1764.24,637.647,9015077,176,0,6,1,1124.26,26.1671
node,29,rx,-1,1865.17,739.285,9015077,176,1,10,8,1267.67,26.1674
node,78,rx,-1,1877.18,743.224,9015077,176,1,10,8,1288.85,26.1674
