node,0,tx,-1,1039.83,1152.46,20762704,174,0,0,1,0,12.953
node,10,rx,-1,1021.15,1170.75,20762704,176,1,6,1,26.1379,12.9544
node,53,rx,-1,1001.76,1172.02,20762704,176,0,3,1,1924.27,12.9544
node,73,rx,-1,897.542,1293.93,20762704,176,1,1,1,201.156,12.9544
node,6,rx,-1,884.215,1302.3,20762704,176,0,8,1,216.639,12.9544
node,34,rx,-1,840.156,1350.21,20762704,176,0,9,1,281.654,12.9544
node,17,rx,-1,808.369,1375.83,20762704,176,0,8,1,322.32,12.9544
node,65,rx,-1,788.928,1355.01,20762704,176,0,2,1,351.982,12.9544
node,77,rx,-1,788.19,1359.04,20762704,176,1,2,1,349.554,12.9544
node,39,rx,-1,781.032,1351.74,20762704,176,1,1,1,359.997,12.9544
node,77,tx,-1,789.847,1360.77,20762704,176,1,2,1,347.153,13.5925
node,65,rx,-1,790.402,1356.58,20762704,176,0,2,2,349.827,13.5927
node,39,rx,-1,781.966,1352.72,20762704,176,1,1,2,358.639,13.5927
node,83,rx,-1,773.644,1343.93,20762704,176,1,2,2,370.745,13.5927
node,17,rx,-1,817.606,1371.79,20762704,176,1,9,2,312.822,13.5927
node,34,rx,-1,848.413,1342.04,20762704,176,0,11,2,270.035,13.5927
node,2,rx,-1,754.11,1436.73,20762704,176,0,11,2,405.058,13.5927
node,23,rx,-1,727.291,1294.76,20762704,176,0,3,2,438.406,13.5927
node,25,rx,-1,866.644,1436.35,20762704,176,1,10,2,398.803,13.5927
node,6,rx,-1,890.98,1295.72,20762704,176,0,9,2,207.2,13.5927
node,73,rx,-1,899.959,1291.59,20762704,176,1,3,2,197.787,13.5927
node,21,rx,-1,710.905,1509.49,20762704,176,0,5,2,1058.64,13.5927
node,88,rx,-1,704.354,1524.33,20762704,176,0,2,2,1075.86,13.5927
node,53,rx,-1,1004.49,1169.32,20762704,176,0,3,2,1920.44,13.5927
node,10,rx,-1,1024.93,1167.05,20762704,176,1,5,2,20.8527,13.5927
node,39,tx,-1,781.966,1352.72,20762704,176,1,1,1,358.639,13.696
node,65,rx,-1,790.402,1356.58,20762704,176,0,2,2,349.827,13.6963
node,77,rx,-1,789.847,1360.77,20762704,176,1,2,2,347.153,13.6963
node,83,rx,-1,773.644,1343.93,20762704,176,1,2,2,370.745,13.6963
node,17,rx,-1,817.606,1371.79,20762704,176,1,9,2,312.822,13.6963
node,34,rx,-1,848.413,1342.04,20762704,176,0,11,2,270.035,13.6963
node,23,rx,-1,727.291,1294.76,20762704,176,0,3,2,438.406,13.6963
node,2,rx,-1,754.11,1436.73,20762704,176,0,11,2,405.058,13.6963
node,25,rx,-1,866.644,1436.35,20762704,176,1,10,2,398.803,13.6963
node,6,rx,-1,890.98,1295.72,20762704,176,0,9,2,207.2,13.6963
node,73,rx,-1,899.959,1291.59,20762704,176,1,3,2,197.787,13.6963
node,21,rx,-1,710.905,1509.49,20762704,176,0,5,2,1058.64,13.6963
node,88,rx,-1,704.354,1524.33,20762704,176,0,2,2,1075.86,13.6963
node,53,rx,-1,1004.49,1169.32,20762704,176,0,3,2,1920.44,13.6963
node,10,rx,-1,1024.93,1167.05,20762704,176,1,5,2,20.8527,13.6963
node,17,tx,-1,817.606,1371.79,20762704,176,1,9,1,312.822,13.7958
node,77,rx,-1,789.847,1360.77,20762704,176,1,2,2,347.153,13.7961
node,65,rx,-1,790.402,1356.58,20762704,176,0,2,2,349.827,13.7961
node,39,rx,-1,781.966,1352.72,20762704,176,1,1,2,358.639,13.7961
node,34,rx,-1,848.413,1342.04,20762704,176,0,11,2,270.035,13.7961
node,83,rx,-1,773.644,1343.93,20762704,176,1,2,2,370.745,13.7961
node,25,rx,-1,866.644,1436.35,20762704,176,1,10,2,398.803,13.7961
node,2,rx,-1,754.11,1436.73,20762704,176,0,11,2,405.058,13.7961
node,6,rx,-1,890.98,1295.72,20762704,176,0,9,2,207.2,13.7961
node,73,rx,-1,899.959,1291.59,20762704,176,1,3,2,197.787,13.7961
node,23,rx,-1,727.291,1294.76,20762704,176,0,3,2,438.406,13.7961
node,53,rx,-1,1004.49,1169.32,20762704,176,0,3,2,1920.44,13.7961
node,10,rx,-1,1024.93,1167.05,20762704,176,1,5,2,20.8527,13.7961
node,6,tx,-1,897.678,1289.2,20762704,176,0,9,1,197.761,14.4075
node,73,rx,-1,901.277,1290.3,20762704,176,1,1,2,195.95,14.4545
node,95,rx,-1,895.22,1296.19,20762704,176,1,0,2,204.493,14.4545
node,8,rx,-1,925.392,1309.99,20762704,176,1,8,2,664.802,14.4545
node,34,rx,-1,857.348,1333.19,20762704,176,0,12,2,257.462,14.4545
node,17,rx,-1,825.106,1364.67,20762704,176,1,10,2,302.491,14.4545
node,65,rx,-1,792.84,1359.07,20762704,176,0,3,2,889.139,14.4545
node,77,rx,-1,792.337,1362.5,20762704,176,1,3,2,344.102,14.4545
node,39,rx,-1,784.06,1354.76,20762704,176,1,2,2,355.704,14.4545
node,83,rx,-1,775.558,1345.95,20762704,176,1,2,2,367.96,14.4545
node,61,rx,-1,800.642,1186.47,20762704,176,0,11,2,331.879,14.4545
node,53,rx,-1,1007.48,1166.35,20762704,176,0,4,2,1916.22,14.4545
node,10,rx,-1,1030.35,1161.74,20762704,176,1,7,2,13.2675,14.4545
node,2,rx,-1,760.193,1427.97,20762704,176,0,10,2,394.3,14.4545
node,10,tx,-1,1030.35,1161.74,20762704,176,1,7,1,13.2675,14.9462
node,53,rx,-1,1007.48,1166.35,20762704,176,0,4,2,1916.22,14.9545
node,73,rx,-1,901.277,1290.3,20762704,176,1,1,2,195.95,14.9545
node,6,rx,-1,897.678,1289.2,20762704,176,0,9,2,197.761,14.9545
node,95,rx,-1,895.22,1296.19,20762704,176,1,0,2,204.493,14.9545
node,34,rx,-1,857.348,1333.19,20762704,176,0,12,2,257.462,14.9545
node,17,rx,-1,825.106,1364.67,20762704,176,1,10,2,302.491,14.9545
node,65,rx,-1,792.84,1359.07,20762704,176,0,3,2,889.139,14.9545
node,77,rx,-1,792.337,1362.5,20762704,176,1,3,2,344.102,14.9545
node,39,rx,-1,784.06,1354.76,20762704,176,1,2,2,355.704,14.9545
node,83,rx,-1,775.558,1345.95,20762704,176,1,2,2,367.96,14.9545
node,53,tx,-1,1012.3,1161.57,20762704,176,0,6,1,1909.43,15.053
node,10,rx,-1,1033.09,1159.06,20762704,176,1,3,2,9.42994,15.0545
node,6,rx,-1,905.325,1283.8,20762704,176,0,9,2,188.322,15.0545
node,73,rx,-1,901.436,1290.15,20762704,176,1,0,2,195.727,15.0545
node,95,rx,-1,893.027,1293.73,20762704,176,1,0,2,204.243,15.0545
node,34,rx,-1,865.853,1324.77,20762704,176,0,11,2,245.494,15.0545
node,17,rx,-1,834.166,1356.06,20762704,176,1,12,2,289.994,15.0545
node,65,rx,-1,797.797,1361.64,20762704,176,0,5,2,883.305,15.0545
node,77,rx,-1,794.529,1363.64,20762704,176,1,2,2,341.616,15.0545
node,39,rx,-1,786.422,1357.16,20762704,176,1,3,2,352.136,15.0545
node,83,rx,-1,778.234,1348.78,20762704,176,1,3,2,364.067,15.0545
node,65,tx,-1,797.797,1361.64,20762704,176,0,5,1,883.305,15.1017
node,77,rx,-1,794.529,1363.64,20762704,176,1,2,2,341.616,15.1546
node,39,rx,-1,786.422,1357.16,20762704,176,1,3,2,352.136,15.1546
node,83,rx,-1,778.234,1348.78,20762704,176,1,3,2,364.067,15.1546
node,17,rx,-1,834.166,1356.06,20762704,176,1,12,2,289.994,15.1546
node,2,rx,-1,767.643,1417.68,20762704,176,0,12,2,381.48,15.1546
node,34,rx,-1,865.853,1324.77,20762704,176,0,11,2,245.494,15.1546
node,25,rx,-1,852.081,1421.56,20762704,176,1,11,2,378.05,15.1546
node,23,rx,-1,734.592,1302.51,20762704,176,0,5,2,427.763,15.1546
node,95,rx,-1,893.027,1293.73,20762704,176,1,0,2,204.243,15.1546
node,73,rx,-1,901.436,1290.15,20762704,176,1,0,2,195.727,15.1546
node,6,rx,-1,905.325,1283.8,20762704,176,0,9,2,188.322,15.1546
node,21,rx,-1,716.002,1498.95,20762704,176,0,5,2,1047.01,15.1546
node,88,rx,-1,709.122,1516.83,20762704,176,0,4,2,1067.54,15.1546
node,53,rx,-1,1012.3,1161.57,20762704,176,0,6,2,1909.43,15.1546
node,10,rx,-1,1033.09,1159.06,20762704,176,1,3,2,9.42994,15.1546
node,73,tx,-1,901.436,1290.15,20762704,176,1,0,1,195.727,15.3957
node,6,rx,-1,905.325,1283.8,20762704,176,0,9,2,188.322,15.3959
node,95,rx,-1,893.027,1293.73,20762704,176,1,0,2,204.243,15.3959
node,8,rx,-1,935.082,1315.21,20762704,176,1,10,2,654.308,15.3959
node,34,rx,-1,865.853,1324.77,20762704,176,0,11,2,245.494,15.3959
node,17,rx,-1,834.166,1356.06,20762704,176,1,12,2,289.994,15.3959
node,65,rx,-1,797.797,1361.64,20762704,176,0,5,2,883.305,15.3959
node,77,rx,-1,794.529,1363.64,20762704,176,1,2,2,341.616,15.3959
node,61,rx,-1,809.356,1195.2,20762704,176,0,12,2,319.546,15.3959
node,39,rx,-1,786.422,1357.16,20762704,176,1,3,2,352.136,15.3959
node,83,rx,-1,778.234,1348.78,20762704,176,1,3,2,364.067,15.3959
node,53,rx,-1,1012.3,1161.57,20762704,176,0,6,2,1909.43,15.3959
node,2,rx,-1,767.643,1417.68,20762704,176,0,12,2,381.48,15.3959
node,10,rx,-1,1033.09,1159.06,20762704,176,1,3,2,9.42994,15.3959
node,34,tx,-1,865.853,1324.77,20762704,176,0,11,1,245.494,15.5531
node,95,rx,-1,893.027,1293.73,20762704,176,1,0,2,204.243,15.5544
node,17,rx,-1,834.166,1356.06,20762704,176,1,12,2,289.994,15.5544
node,73,rx,-1,901.436,1290.15,20762704,176,1,0,2,195.727,15.5544
node,6,rx,-1,905.325,1283.8,20762704,176,0,9,2,188.322,15.5544
node,65,rx,-1,797.797,1361.64,20762704,176,0,5,2,883.305,15.5544
node,77,rx,-1,794.529,1363.64,20762704,176,1,2,2,341.616,15.5544
node,39,rx,-1,786.422,1357.16,20762704,176,1,3,2,352.136,15.5544
node,83,rx,-1,778.234,1348.78,20762704,176,1,3,2,364.067,15.5544
node,2,rx,-1,767.643,1417.68,20762704,176,0,12,2,381.48,15.5544
node,53,rx,-1,1012.3,1161.57,20762704,176,0,6,2,1909.43,15.5544
node,10,rx,-1,1033.09,1159.06,20762704,176,1,3,2,9.42994,15.5544
node,83,tx,-1,778.234,1348.78,20762704,176,1,3,1,364.067,15.629
node,39,rx,-1,786.422,1357.16,20762704,176,1,3,3,352.136,15.6544
node,77,rx,-1,794.529,1363.64,20762704,176,1,2,3,341.616,15.6544
node,65,rx,-1,797.797,1361.64,20762704,176,0,5,3,883.305,15.6544
node,17,rx,-1,834.166,1356.06,20762704,176,1,12,3,289.994,15.6544
node,23,rx,-1,734.592,1302.51,20762704,176,0,5,3,427.763,15.6544
node,2,rx,-1,767.643,1417.68,20762704,176,0,12,3,381.48,15.6544
node,34,rx,-1,865.853,1324.77,20762704,176,0,11,3,245.494,15.6544
node,25,rx,-1,852.081,1421.56,20762704,176,1,11,3,378.05,15.6544
node,95,rx,-1,893.027,1293.73,20762704,176,1,0,3,204.243,15.6544
node,73,rx,-1,901.436,1290.15,20762704,176,1,0,3,195.727,15.6544
node,6,rx,-1,905.325,1283.8,20762704,176,0,9,3,188.322,15.6544
node,21,rx,-1,716.002,1498.95,20762704,176,0,5,3,1047.01,15.6544
node,88,rx,-1,709.122,1516.83,20762704,176,0,4,3,1067.54,15.6544
node,53,rx,-1,1012.3,1161.57,20762704,176,0,6,3,1909.43,15.6544
node,10,rx,-1,1033.09,1159.06,20762704,176,1,3,3,9.42994,15.6544
node,88,tx,-1,709.122,1516.83,20762704,176,0,4,1,1067.54,15.7448
node,21,rx,-1,716.002,1498.95,20762704,176,0,5,3,1047.01,15.7545
node,2,rx,-1,767.643,1417.68,20762704,176,0,12,3,381.48,15.7545
node,77,rx,-1,794.529,1363.64,20762704,176,1,2,3,341.616,15.7545
node,39,rx,-1,786.422,1357.16,20762704,176,1,3,3,352.136,15.7545
node,65,rx,-1,797.797,1361.64,20762704,176,0,5,3,883.305,15.7545
node,83,rx,-1,778.234,1348.78,20762704,176,1,3,3,364.067,15.7545
node,36,rx,-1,601.037,1342.41,20762704,176,0,6,3,1058.08,15.7545
node,58,rx,-1,991.662,1500.33,20762704,176,0,12,3,573.477,15.7545
node,94,rx,-1,479.982,1266.45,20762704,176,1,1,3,1050.1,15.7545
node,95,tx,-1,893.027,1293.73,20762704,176,1,0,1,204.243,15.8487
node,73,rx,-1,901.436,1290.15,20762704,176,1,0,3,195.727,15.8544
node,6,rx,-1,905.325,1283.8,20762704,176,0,9,3,188.322,15.8544
node,34,rx,-1,865.853,1324.77,20762704,176,0,11,3,245.494,15.8544
node,8,rx,-1,935.082,1315.21,20762704,176,1,10,3,654.308,15.8544
node,17,rx,-1,834.166,1356.06,20762704,176,1,12,3,289.994,15.8544
node,65,rx,-1,797.797,1361.64,20762704,176,0,5,3,883.305,15.8544
node,77,rx,-1,794.529,1363.64,20762704,176,1,2,3,341.616,15.8544
node,39,rx,-1,786.422,1357.16,20762704,176,1,3,3,352.136,15.8544
node,83,rx,-1,778.234,1348.78,20762704,176,1,3,3,364.067,15.8544
node,2,rx,-1,767.643,1417.68,20762704,176,0,12,3,381.48,15.8544
node,53,rx,-1,1012.3,1161.57,20762704,176,0,6,3,1909.43,15.8544
node,10,rx,-1,1033.09,1159.06,20762704,176,1,3,3,9.42994,15.8544
node,25,tx,-1,852.081,1421.56,20762704,176,1,11,1,378.05,15.9386
node,65,rx,-1,797.797,1361.64,20762704,176,0,5,3,883.305,15.9546
node,77,rx,-1,794.529,1363.64,20762704,176,1,2,3,341.616,15.9546
node,39,rx,-1,786.422,1357.16,20762704,176,1,3,3,352.136,15.9546
node,83,rx,-1,778.234,1348.78,20762704,176,1,3,3,364.067,15.9546
node,23,rx,-1,734.592,1302.51,20762704,176,0,5,3,427.763,15.9546
node,61,tx,-1,817.568,1203.43,20762704,176,0,11,1,307.922,16.0202
node,95,rx,-1,894.415,1292.38,20762704,176,1,1,3,202.309,16.0545
node,6,rx,-1,911.643,1277.88,20762704,176,0,8,3,179.548,16.0545
node,73,rx,-1,901.522,1290.07,20762704,176,1,0,3,195.608,16.0545
node,8,rx,-1,942.533,1322.85,20762704,176,1,10,3,643.63,16.0545
node,2,tx,-1,775.235,1409.05,20762704,176,0,11,1,369.89,16.1563
node,77,rx,-1,794.545,1363.66,20762704,176,1,0,3,341.595,16.1565
node,39,rx,-1,788.236,1359.09,20762704,176,1,2,3,349.486,16.1565
node,83,rx,-1,779.641,1350.27,20762704,176,1,2,3,362.021,16.1565
node,65,rx,-1,803.475,1357.1,20762704,176,0,7,3,875.99,16.1565
node,17,rx,-1,842.742,1347.65,20762704,176,1,11,3,278.015,16.1565
node,21,rx,-1,719.461,1491.32,20762704,176,0,8,3,1038.7,16.1565
node,88,rx,-1,709.312,1512.56,20762704,176,0,5,3,1062.08,16.1565
node,34,rx,-1,874.199,1316.64,20762704,176,0,11,3,233.823,16.1565
node,95,rx,-1,894.415,1292.38,20762704,176,1,1,3,202.309,16.1565
node,73,rx,-1,901.522,1290.07,20762704,176,1,0,3,195.608,16.1565
node,6,rx,-1,911.643,1277.88,20762704,176,0,8,3,179.548,16.1565
node,21,tx,-1,719.461,1491.32,20762704,176,0,8,1,1038.7,16.2791
node,88,rx,-1,709.312,1512.56,20762704,176,0,5,3,1062.08,16.2793
node,2,rx,-1,775.235,1409.05,20762704,176,0,11,3,369.89,16.2793
node,77,rx,-1,794.545,1363.66,20762704,176,1,0,3,341.595,16.2793
node,39,rx,-1,788.236,1359.09,20762704,176,1,2,3,349.486,16.2793
node,83,rx,-1,779.641,1350.27,20762704,176,1,2,3,362.021,16.2793
node,65,rx,-1,803.475,1357.1,20762704,176,0,7,3,875.99,16.2793
node,36,rx,-1,596.401,1347.02,20762704,176,0,6,3,1051.53,16.2793
node,58,rx,-1,1003.68,1500.33,20762704,176,0,12,3,561.444,16.2793
node,94,rx,-1,477.764,1267.98,20762704,176,1,2,3,1047.41,16.2793
node,23,tx,-1,739.174,1307.37,20762704,176,0,6,1,421.083,16.4568
node,83,rx,-1,779.641,1350.27,20762704,176,1,2,3,362.021,16.457
node,39,rx,-1,788.236,1359.09,20762704,176,1,2,3,349.486,16.457
node,77,rx,-1,794.545,1363.66,20762704,176,1,0,3,341.595,16.457
node,65,rx,-1,803.475,1357.1,20762704,176,0,7,3,875.99,16.457
node,25,rx,-1,845.134,1414.39,20762704,176,1,9,3,368.064,16.457
node,8,tx,-1,942.533,1322.85,20762704,176,1,10,1,643.63,16.8655
node,73,rx,-1,901.522,1290.07,20762704,176,1,0,3,195.608,16.8657
node,6,rx,-1,911.643,1277.88,20762704,176,0,8,3,179.548,16.8657
node,95,rx,-1,894.415,1292.38,20762704,176,1,1,3,202.309,16.8657
node,61,rx,-1,817.568,1203.43,20762704,176,0,11,3,307.922,16.8657
node,36,tx,-1,590.158,1351.56,20762704,176,0,7,1,1043.78,17.6399
node,94,rx,-1,473.939,1270.59,20762704,176,1,4,4,1042.78,17.6545
node,21,rx,-1,723.574,1482.24,20762704,176,0,9,4,1028.8,17.6545
node,88,rx,-1,711.954,1507.47,20762704,176,0,5,4,1056.38,17.6545
node,14,rx,-1,437.84,1214.79,20762704,176,0,8,4,1122.71,17.6545
node,48,rx,-1,375.363,1131.99,20762704,176,0,12,4,1240.37,17.6545
node,94,tx,-1,473.939,1270.59,20762704,176,1,4,1,1042.78,17.7114
node,80,rx,-1,454.416,1282.33,20762704,176,1,5,4,1019.9,17.7546
node,22,rx,-1,432.57,1295.24,20762704,176,1,9,4,994.518,17.7546
node,14,rx,-1,437.84,1214.79,20762704,176,0,8,4,1122.71,17.7546
node,68,rx,-1,368.319,1334.22,20762704,176,0,6,4,1165.8,17.7546
node,36,rx,-1,590.158,1351.56,20762704,176,0,7,4,1043.78,17.7546
node,3,rx,-1,338.229,1353.18,20762704,176,0,7,4,1130.23,17.7546
node,48,rx,-1,375.363,1131.99,20762704,176,0,12,4,1240.37,17.7546
node,21,rx,-1,723.574,1482.24,20762704,176,0,9,4,1028.8,17.7546
node,88,rx,-1,711.954,1507.47,20762704,176,0,5,4,1056.38,17.7546
node,58,tx,-1,1026.92,1500.63,20762704,176,0,11,1,538.304,18.4724
node,81,rx,-1,1070.77,1480.65,20762704,176,0,3,4,517.219,18.4726
node,52,rx,-1,1088.53,1501.92,20762704,176,0,8,4,476.662,18.4726
node,55,rx,-1,1138.02,1487.52,20762704,176,1,11,4,487.259,18.4726
node,21,rx,-1,725.42,1472.11,20762704,176,0,10,4,1018.55,18.4726
node,88,rx,-1,715.306,1500.48,20762704,176,0,7,4,1048.69,18.4726
node,68,tx,-1,361.478,1338.53,20762704,176,0,8,1,1157.71,18.7215
node,3,rx,-1,330.619,1357.98,20762704,176,0,8,5,1121.23,18.7545
node,22,rx,-1,424.764,1299.86,20762704,176,1,9,5,985.449,18.7545
node,80,rx,-1,447.738,1286.28,20762704,176,1,7,5,1012.14,18.7545
node,94,rx,-1,469.132,1273.63,20762704,176,1,5,5,1036.99,18.7545
node,81,tx,-1,1070.76,1481.84,20762704,176,0,1,1,516.037,19.1129
node,52,rx,-1,1096.27,1502.13,20762704,176,0,7,5,468.926,19.1544
node,58,rx,-1,1039.33,1500.96,20762704,176,0,12,5,525.888,19.1544
node,55,rx,-1,1126.13,1487.28,20762704,176,1,11,5,475.368,19.1544
node,66,rx,-1,1143.53,1415.23,20762704,176,1,12,5,363.701,19.1544
node,59,rx,-1,1156.98,1411.68,20762704,176,0,11,5,351.46,19.1544
node,30,rx,-1,1173.74,1380.85,20762704,176,1,10,5,309.608,19.1544
node,3,tx,-1,326.815,1360.37,20762704,176,0,4,1,1116.74,19.8547
node,68,rx,-1,355.762,1342.13,20762704,176,0,6,5,1150.96,19.8549
node,22,rx,-1,416.793,1304.57,20762704,176,1,9,5,976.19,19.8549
node,80,rx,-1,441.455,1289.99,20762704,176,1,7,5,1004.84,19.8549
node,94,rx,-1,463.276,1277.09,20762704,176,1,6,5,1030.19,19.8549
node,52,tx,-1,1096.27,1502.13,20762704,176,0,7,1,468.926,19.9398
node,81,rx,-1,1070.76,1481.84,20762704,176,0,1,5,516.037,19.9544
node,55,rx,-1,1126.13,1487.28,20762704,176,1,11,5,475.368,19.9544
node,58,rx,-1,1039.33,1500.96,20762704,176,0,12,5,525.888,19.9544
node,66,tx,-1,1143.53,1415.23,20762704,176,1,12,1,363.701,19.9606
node,59,rx,-1,1156.98,1411.68,20762704,176,0,11,6,351.46,19.9609
node,30,rx,-1,1173.74,1380.85,20762704,176,1,10,6,309.608,19.9609
node,81,rx,-1,1070.76,1481.84,20762704,176,0,1,6,516.037,19.9609
node,58,rx,-1,1039.33,1500.96,20762704,176,0,12,6,525.888,19.9609
node,48,tx,-1,399.334,1157.11,20762704,176,0,11,1,1205.59,20.0496
node,14,rx,-1,456.751,1233.89,20762704,176,0,9,5,1095.84,20.0544
node,94,rx,-1,458.138,1280.13,20762704,176,1,5,5,1024.22,20.0544
node,24,rx,-1,242.099,982.585,20762704,176,1,12,5,1118.34,20.0544
node,36,rx,-1,577.428,1355.81,20762704,176,0,5,5,1030.29,20.0544
node,55,tx,-1,1114.07,1487.06,20762704,176,1,12,1,463.251,20.1006
node,52,rx,-1,1100.18,1500.05,20762704,176,0,4,5,463.96,20.1545
node,81,rx,-1,1070.76,1481.97,20762704,176,0,0,5,515.91,20.1545
node,58,rx,-1,1050.29,1501.24,20762704,176,0,10,5,514.909,20.1545
node,73,rx,-1,901.589,1290,20762704,176,1,0,5,195.515,20.1545
node,80,tx,-1,435.278,1293.64,20762704,176,1,7,1,997.663,20.3019
node,94,rx,-1,458.138,1280.13,20762704,176,1,5,5,1024.22,20.3543
node,22,rx,-1,408.775,1309.31,20762704,176,1,9,5,966.877,20.3543
node,14,rx,-1,456.751,1233.89,20762704,176,0,9,5,1095.84,20.3543
node,68,rx,-1,350.496,1345.45,20762704,176,0,6,5,1144.73,20.3543
node,3,rx,-1,321.419,1360.67,20762704,176,0,6,5,1110.59,20.3543
node,14,tx,-1,456.751,1233.89,20762704,176,0,9,1,1095.84,20.4636
node,94,rx,-1,458.138,1280.13,20762704,176,1,5,5,1024.22,20.4639
node,80,rx,-1,435.278,1293.64,20762704,176,1,7,5,997.663,20.4639
node,48,rx,-1,399.334,1157.11,20762704,176,0,11,5,1205.59,20.4639
node,36,rx,-1,577.428,1355.81,20762704,176,0,5,5,1030.29,20.4639
node,24,rx,-1,242.099,982.585,20762704,176,1,12,5,1118.34,20.4639
node,22,tx,-1,408.775,1309.31,20762704,176,1,9,1,966.877,20.6916
node,80,rx,-1,435.278,1293.64,20762704,176,1,7,5,997.663,20.6918
node,94,rx,-1,458.138,1280.13,20762704,176,1,5,5,1024.22,20.6918
node,68,rx,-1,350.496,1345.45,20762704,176,0,6,5,1144.73,20.6918
node,3,rx,-1,321.419,1360.67,20762704,176,0,6,5,1110.59,20.6918
node,59,tx,-1,1166.25,1402.99,20762704,176,0,12,1,338.755,20.8279
node,66,rx,-1,1151.6,1407.66,20762704,176,1,11,6,352.64,20.8544
node,30,rx,-1,1165.33,1372,20762704,176,1,12,6,297.411,20.8544
node,81,rx,-1,1070.76,1481.97,20762704,176,0,0,6,515.91,20.8544
node,58,rx,-1,1050.29,1501.24,20762704,176,0,10,6,514.909,20.8544
node,84,rx,-1,1410.12,1162.89,20762704,176,0,12,6,1057.34,20.8544
node,30,tx,-1,1157.09,1363.33,20762704,176,1,11,1,285.459,21.4725
node,66,rx,-1,1160.47,1399.35,20762704,176,1,12,6,340.481,21.4727
node,59,rx,-1,1173.36,1396.33,20762704,176,0,9,6,329.011,21.4727
node,97,rx,-1,1304.26,1320.12,20762704,176,1,7,6,659.89,21.4727
node,24,tx,-1,258.511,999.241,20762704,176,1,10,1,1094.93,22.1565
node,48,rx,-1,416.053,1174.34,20762704,176,0,11,6,1181.65,22.1568
node,14,rx,-1,469.942,1247.21,20762704,176,0,8,6,1076.99,22.1568
node,97,tx,-1,1309.33,1325.57,20762704,176,1,7,1,652.446,22.4249
node,84,tx,-1,1427.6,1145.73,20762704,176,0,11,1,1032.85,22.4318
node,9,rx,-1,1449.55,1124.18,20762704,176,0,12,7,1002.08,22.4543
node,45,rx,-1,1653.79,907.009,20762704,176,0,11,7,970.821,22.4543
node,78,rx,-1,1330.14,1347.94,20762704,176,1,10,7,621.901,22.4544
node,92,rx,-1,1448.56,1466.52,20762704,176,0,0,7,688.364,22.4544
node,70,rx,-1,1453.95,1471.74,20762704,176,0,0,7,680.856,22.4544
node,13,rx,-1,1459.34,1476.95,20762704,176,0,0,7,673.354,22.4544
node,41,rx,-1,1469.74,1472.17,20762704,176,0,0,7,673.634,22.4544
node,62,rx,-1,1560.37,1191.7,20762704,176,0,11,7,845.729,22.4544
node,92,tx,-1,1448.56,1466.52,20762704,176,0,0,1,688.363,23.1234
node,70,rx,-1,1453.95,1471.74,20762704,176,0,0,8,680.855,23.1546
node,13,rx,-1,1459.34,1476.95,20762704,176,0,0,8,673.354,23.1546
node,41,rx,-1,1469.74,1472.17,20762704,176,0,0,8,673.634,23.1546
node,57,rx,-1,1475.09,1466.87,20762704,176,0,0,8,681.154,23.1546
node,67,rx,-1,1482.62,1459.38,20762704,176,0,4,8,691.881,23.1546
node,89,rx,-1,1498.28,1443.83,20762704,176,0,10,8,713.95,23.1546
node,78,rx,-1,1341.04,1354.8,20762704,176,1,12,8,609.46,23.1546
node,97,rx,-1,1315.24,1331.92,20762704,176,1,8,8,643.78,23.1546
node,41,tx,-1,1469.74,1472.17,20762704,176,0,0,1,673.634,23.9569
node,57,rx,-1,1475.09,1466.87,20762704,176,0,0,8,681.154,23.9571
node,13,rx,-1,1459.34,1476.95,20762704,176,0,0,8,673.354,23.9571
node,70,rx,-1,1453.95,1471.74,20762704,176,0,0,8,680.855,23.9571
node,67,rx,-1,1482.62,1459.38,20762704,176,0,4,8,691.881,23.9571
node,92,rx,-1,1448.56,1466.52,20762704,176,0,0,8,688.363,23.9571
node,89,rx,-1,1498.28,1443.83,20762704,176,0,10,8,713.95,23.9571
node,96,rx,-1,1526.8,1415.5,20762704,176,0,10,8,754.151,23.9571
node,78,rx,-1,1341.04,1354.8,20762704,176,1,12,8,609.46,23.9571
node,97,rx,-1,1315.24,1331.92,20762704,176,1,8,8,643.78,23.9571
node,78,tx,-1,1349.11,1363.47,20762704,176,1,11,1,597.618,24.2174
node,70,tx,-1,1453.95,1471.74,20762704,176,0,0,1,680.855,24.2539
node,97,rx,-1,1324.75,1337.29,20762704,176,1,10,8,633.368,24.2544
node,92,rx,-1,1448.56,1466.52,20762704,176,0,0,8,688.36,24.2544
node,70,rx,-1,1453.95,1471.74,20762704,176,0,0,8,680.855,24.2544
node,13,rx,-1,1459.34,1476.95,20762704,176,0,0,8,673.354,24.2544
node,41,rx,-1,1469.74,1472.17,20762704,176,0,0,8,673.634,24.2544
node,57,rx,-1,1475.08,1466.88,20762704,176,0,0,8,681.139,24.2544
node,13,rx,-1,1459.34,1476.95,20762704,176,0,0,8,673.354,24.2547
node,92,rx,-1,1448.56,1466.52,20762704,176,0,0,8,688.36,24.2547
node,41,rx,-1,1469.74,1472.17,20762704,176,0,0,8,673.634,24.2547
node,57,rx,-1,1475.08,1466.88,20762704,176,0,0,8,681.139,24.2547
node,67,rx,-1,1481.45,1460.54,20762704,176,0,1,8,690.235,24.2547
node,89,rx,-1,1492.4,1449.68,20762704,176,0,8,8,705.658,24.2547
node,96,rx,-1,1517.82,1424.43,20762704,176,0,12,8,741.485,24.2547
node,78,rx,-1,1349.11,1363.47,20762704,176,1,11,8,597.618,24.2547
node,97,rx,-1,1324.75,1337.29,20762704,176,1,10,8,633.368,24.2547
node,9,tx,-1,1466.43,1107.63,20762704,176,0,11,1,978.442,24.4454
node,84,rx,-1,1443.93,1129.69,20762704,176,0,10,8,1009.95,24.4543
node,20,rx,-1,1524.77,1155.3,20762704,176,0,11,8,896.646,24.4543
node,57,tx,-1,1475.08,1466.88,20762704,176,0,0,1,681.139,24.8829
node,41,rx,-1,1469.74,1472.17,20762704,176,0,0,9,673.634,24.8831
node,67,rx,-1,1481.45,1460.54,20762704,176,0,1,9,690.235,24.8831
node,13,rx,-1,1459.34,1476.95,20762704,176,0,0,9,673.354,24.8831
node,70,rx,-1,1453.95,1471.74,20762704,176,0,0,9,680.855,24.8831
node,89,rx,-1,1492.4,1449.68,20762704,176,0,8,9,705.658,24.8831
node,92,rx,-1,1448.56,1466.52,20762704,176,0,0,9,688.36,24.8831
node,96,rx,-1,1517.82,1424.43,20762704,176,0,12,9,741.485,24.8831
node,78,rx,-1,1349.11,1363.47,20762704,176,1,11,9,597.618,24.8831
node,62,tx,-1,1547.82,1209.14,20762704,176,0,12,1,822.208,24.9259
node,89,tx,-1,1492.4,1449.68,20762704,176,0,8,1,705.658,24.9279
node,20,rx,-1,1524.77,1155.3,20762704,176,0,11,8,896.646,24.9545
node,29,rx,-1,1728.05,1032.91,20762704,176,0,1,8,1291.28,24.9545
node,82,rx,-1,1736.79,1025.02,20762704,176,0,1,8,1303.05,24.9545
node,98,rx,-1,1744.39,1017.78,20762704,176,0,0,8,1313.65,24.9545
node,32,rx,-1,1342.23,1412.21,20762704,176,1,11,8,532.923,24.9545
node,67,rx,-1,1481.45,1460.54,20762704,176,0,1,9,690.235,24.9545
node,57,rx,-1,1475.08,1466.88,20762704,176,0,0,9,681.139,24.9545
node,41,rx,-1,1469.74,1472.17,20762704,176,0,0,9,673.634,24.9545
node,96,rx,-1,1517.82,1424.43,20762704,176,0,12,9,741.485,24.9545
node,13,rx,-1,1459.34,1476.95,20762704,176,0,0,9,673.354,24.9545
node,70,rx,-1,1453.95,1471.74,20762704,176,0,0,9,680.855,24.9545
node,92,rx,-1,1448.56,1466.52,20762704,176,0,0,9,688.36,24.9545
node,13,tx,-1,1459.34,1476.95,20762704,176,0,0,1,673.354,25.1122
node,70,rx,-1,1453.95,1471.74,20762704,176,0,0,8,680.855,25.1546
node,41,rx,-1,1469.74,1472.17,20762704,176,0,0,8,673.634,25.1546
node,92,rx,-1,1448.56,1466.52,20762704,176,0,0,8,688.359,25.1546
node,57,rx,-1,1475.07,1466.88,20762704,176,0,0,8,681.136,25.1546
node,67,rx,-1,1480.54,1461.45,20762704,176,0,1,8,688.942,25.1546
node,89,rx,-1,1489.34,1452.72,20762704,176,0,4,8,701.342,25.1546
node,96,rx,-1,1509.41,1432.78,20762704,176,0,11,8,729.632,25.1546
node,78,rx,-1,1356.75,1371.68,20762704,176,1,11,8,586.295,25.1546
node,97,rx,-1,1332.46,1345.58,20762704,176,1,11,8,622.047,25.1546
node,45,tx,-1,1629.34,882.095,20762704,176,0,10,1,935.949,25.1905
node,12,rx,-1,1674.76,928.254,20762704,176,0,11,8,1000.7,25.1908
node,54,rx,-1,1724.25,978.88,20762704,176,0,12,8,1071.59,25.1908
node,98,rx,-1,1742.89,1019.29,20762704,176,0,2,8,1311.52,25.1908
node,16,rx,-1,1813.44,1061.28,20762704,176,0,11,8,1193.81,25.1908
node,56,rx,-1,1852.65,1096.11,20762704,176,0,0,8,1248.43,25.1908
node,18,rx,-1,1858.8,1091.81,20762704,176,1,0,8,1255.93,25.1908
node,64,rx,-1,1400.56,652.865,20762704,176,0,11,8,1194.16,25.1908
node,98,tx,-1,1742.89,1019.29,20762704,176,0,2,1,1311.52,25.6633
node,82,rx,-1,1735.47,1026.21,20762704,176,0,1,9,1301.27,25.6635
node,29,rx,-1,1727.83,1033.1,20762704,176,0,0,9,1290.98,25.6635
node,54,rx,-1,1724.25,978.88,20762704,176,0,12,9,1071.59,25.6635
node,16,rx,-1,1813.44,1061.28,20762704,176,0,11,9,1193.81,25.6635
node,12,rx,-1,1674.76,928.254,20762704,176,0,11,9,1000.7,25.6635
node,56,rx,-1,1852.65,1096.11,20762704,176,0,0,9,1248.43,25.6635
node,18,rx,-1,1858.8,1091.81,20762704,176,1,0,9,1255.93,25.6635
node,45,rx,-1,1629.34,882.095,20762704,176,0,10,9,935.949,25.6635
node,62,rx,-1,1539.95,1217.04,20762704,176,0,11,9,811.068,25.6635
node,56,tx,-1,1852.65,1096.11,20762704,176,0,0,1,1248.43,25.9791
node,18,rx,-1,1858.8,1091.81,20762704,176,1,0,9,1255.93,25.9794
node,16,rx,-1,1813.44,1061.28,20762704,176,0,11,9,1193.81,25.9794
node,85,rx,-1,1777.56,1170.11,20762704,176,0,11,9,1105.56,25.9794
node,98,rx,-1,1742.89,1019.29,20762704,176,0,2,9,1311.52,25.9794
node,54,rx,-1,1724.25,978.88,20762704,176,0,12,9,1071.59,25.9794
node,12,rx,-1,1674.76,928.254,20762704,176,0,11,9,1000.7,25.9794
node,45,rx,-1,1629.34,882.095,20762704,176,0,10,9,935.949,25.9794
node,29,tx,-1,1727.76,1033.17,20762704,176,0,0,1,1290.88,26.0359
node,82,rx,-1,1733.94,1027.58,20762704,176,0,2,9,1299.22,26.0544
node,98,rx,-1,1742.68,1019.5,20762704,176,0,0,9,1311.23,26.0544
node,62,rx,-1,1532.07,1224.98,20762704,176,0,11,9,799.881,26.0544
node,67,tx,-1,1480.45,1461.55,20762704,176,0,0,1,688.813,26.1661
node,57,rx,-1,1475.07,1466.88,20762704,176,0,0,9,681.136,26.1663
node,89,rx,-1,1487.66,1454.38,20762704,176,0,2,9,698.974,26.1663
node,41,rx,-1,1469.74,1472.17,20762704,176,0,0,9,673.634,26.1663
node,13,rx,-1,1459.34,1476.95,20762704,176,0,0,9,673.354,26.1663
node,70,rx,-1,1453.95,1471.74,20762704,176,0,0,9,680.855,26.1663
node,96,rx,-1,1502.88,1439.27,20762704,176,0,9,9,720.427,26.1663
node,92,rx,-1,1448.56,1466.52,20762704,176,0,0,9,688.358,26.1663
node,96,tx,-1,1502.88,1439.27,20762704,176,0,9,1,720.427,26.209
node,89,rx,-1,1487.66,1454.38,20762704,176,0,2,9,698.974,26.2546
node,67,rx,-1,1480.45,1461.55,20762704,176,0,0,9,688.813,26.2546
node,57,rx,-1,1475.07,1466.88,20762704,176,0,0,9,681.136,26.2546
node,41,rx,-1,1469.74,1472.17,20762704,176,0,0,9,673.634,26.2546
node,13,rx,-1,1459.34,1476.95,20762704,176,0,0,9,673.354,26.2546
node,70,rx,-1,1453.95,1471.74,20762704,176,0,0,9,680.855,26.2546
node,92,rx,-1,1448.56,1466.52,20762704,176,0,0,9,688.358,26.2546
node,16,tx,-1,1805.99,1053.63,20762704,176,0,10,1,1183.14,26.3267
node,56,rx,-1,1852.65,1096.11,20762704,176,0,0,9,1248.43,26.3546
node,18,rx,-1,1858.8,1091.81,20762704,176,1,0,9,1255.93,26.3546
node,98,rx,-1,1742.68,1019.5,20762704,176,0,0,9,1311.23,26.3546
node,54,rx,-1,1716.34,970.808,20762704,176,0,11,9,1060.3,26.3546
node,12,rx,-1,1667.38,920.695,20762704,176,0,10,9,990.135,26.3546
node,45,rx,-1,1621.57,874.038,20762704,176,0,11,9,924.759,26.3546
node,18,tx,-1,1858.8,1091.81,20762704,176,1,0,1,1255.93,26.5577
node,56,rx,-1,1852.65,1096.11,20762704,176,0,0,9,1248.43,26.5579
node,16,rx,-1,1805.99,1053.63,20762704,176,0,10,9,1183.14,26.5579
node,85,rx,-1,1769.33,1178.21,20762704,176,0,11,9,1094.01,26.5579
node,98,rx,-1,1742.68,1019.5,20762704,176,0,0,9,1311.23,26.5579
node,54,rx,-1,1716.34,970.808,20762704,176,0,11,9,1060.3,26.5579
node,12,rx,-1,1667.38,920.695,20762704,176,0,10,9,990.135,26.5579
node,45,rx,-1,1621.57,874.038,20762704,176,0,11,9,924.759,26.5579
node,64,tx,-1,1392.26,644.418,20762704,176,0,11,1,1182.32,26.8829
node,33,rx,-1,1354.46,612.353,20762704,176,0,12,9,1127.64,26.8832
node,46,rx,-1,1298.51,479.993,20762704,176,0,10,9,1495.27,26.8832
node,45,rx,-1,1621.57,874.038,20762704,176,0,11,9,924.759,26.8832
node,54,tx,-1,1716.34,970.808,20762704,176,0,11,1,1060.3,26.9316
node,98,rx,-1,1742.68,1019.5,20762704,176,0,0,9,1311.23,26.9543
node,82,rx,-1,1733.94,1027.58,20762704,176,0,2,9,1299.22,26.9543
node,12,rx,-1,1667.38,920.695,20762704,176,0,10,9,990.135,26.9543
node,16,rx,-1,1805.99,1053.63,20762704,176,0,10,9,1183.14,26.9543
node,45,rx,-1,1621.57,874.038,20762704,176,0,11,9,924.759,26.9543
node,56,rx,-1,1852.65,1096.11,20762704,176,0,0,9,1248.43,26.9543
node,18,rx,-1,1858.8,1091.81,20762704,176,1,0,9,1255.93,26.9543
node,12,tx,-1,1660.15,913.376,20762704,176,0,10,1,979.836,27.2333
node,45,rx,-1,1613.48,865.645,20762704,176,0,11,9,913.102,27.2545
node,54,rx,-1,1708.3,962.587,20762704,176,0,11,9,1048.79,27.2545
node,98,rx,-1,1741.52,1020.67,20762704,176,0,1,9,1309.57,27.2545
node,71,rx,-1,1789.15,781.698,20762704,176,1,12,9,1323.73,27.2545
node,16,rx,-1,1797.28,1044.69,20762704,176,0,12,9,1170.65,27.2545
node,40,rx,-1,1822.11,749.368,20762704,176,1,11,9,1277.57,27.2545
node,9,rx,-1,1490.45,1084.04,20762704,176,0,10,9,1221.02,27.2545
node,56,rx,-1,1852.65,1096.11,20762704,176,0,0,9,1248.43,27.2545
node,18,rx,-1,1858.8,1091.81,20762704,176,1,0,9,1255.93,27.2545
node,50,rx,-1,1846.15,721.247,20762704,176,1,9,9,1238.68,27.2545
node,84,rx,-1,1469.58,1104.54,20762704,176,0,11,9,1250.26,27.2545
node,20,tx,-1,1550.08,1181.18,20762704,176,0,11,1,860.439,27.2983
node,62,rx,-1,1523,1234.1,20762704,176,0,12,9,787.013,27.2985
node,84,rx,-1,1469.58,1104.54,20762704,176,0,11,9,1250.26,27.2985
node,32,tx,-1,1317.88,1435.16,20762704,176,1,11,1,499.453,27.5558
node,78,rx,-1,1372.9,1388.72,20762704,176,1,12,9,796.829,27.5561
node,62,rx,-1,1523,1234.1,20762704,176,0,12,9,787.013,27.5561
node,82,tx,-1,1733.68,1027.83,20762704,176,0,0,1,1298.86,27.565
node,29,rx,-1,1725.91,1034.83,20762704,176,0,2,9,1288.4,27.5653
node,98,rx,-1,1741.52,1020.67,20762704,176,0,1,9,1309.57,27.5653
node,16,rx,-1,1797.28,1044.69,20762704,176,0,12,9,1170.65,27.5653
node,62,rx,-1,1523,1234.1,20762704,176,0,12,9,787.013,27.5653
node,85,tx,-1,1760.93,1186.47,20762704,176,0,11,1,1082.12,27.7939
node,43,rx,-1,1781.06,1227.72,20762704,176,0,11,10,1588.45,27.7941
node,27,rx,-1,1692.2,1136.2,20762704,176,1,1,10,1151.73,27.7941
node,56,rx,-1,1852.65,1096.11,20762704,176,0,0,10,1248.43,27.7941
node,18,rx,-1,1858.8,1091.81,20762704,176,1,0,10,1255.93,27.7941
node,71,tx,-1,1789.15,781.698,20762704,176,1,12,1,1323.73,27.9556
node,40,rx,-1,1822.11,749.368,20762704,176,1,11,10,1277.57,27.9558
node,50,rx,-1,1846.15,721.247,20762704,176,1,9,10,1238.68,27.9558
node,12,rx,-1,1660.15,913.376,20762704,176,0,10,10,979.836,27.9558
node,46,tx,-1,1313.06,465.142,20762704,176,0,11,1,1474.49,28.0471
node,47,rx,-1,1380.47,437.945,20762704,176,0,8,10,1379.69,28.0544
node,11,rx,-1,1418.43,476.816,20762704,176,0,12,10,1325.36,28.0544
node,33,rx,-1,1338.37,627.702,20762704,176,0,11,10,1105.39,28.0544
node,64,rx,-1,1375.48,627.328,20762704,176,0,11,10,1158.37,28.0544
node,33,tx,-1,1338.37,627.702,20762704,176,0,11,1,1105.39,28.2614
node,7,rx,-1,1322.04,639,20762704,176,0,8,10,1085.82,28.2617
node,64,rx,-1,1375.48,627.328,20762704,176,0,11,10,1158.37,28.2617
node,49,rx,-1,1254.18,705.123,20762704,176,0,7,10,991.067,28.2617
node,46,rx,-1,1313.06,465.142,20762704,176,0,11,10,1474.49,28.2617
node,11,rx,-1,1418.43,476.816,20762704,176,0,12,10,1325.36,28.2617
node,47,rx,-1,1380.47,437.945,20762704,176,0,8,10,1379.69,28.2617
node,43,tx,-1,1789.31,1236.82,20762704,176,0,12,1,1576.17,28.5915
node,85,rx,-1,1752.79,1195.16,20762704,176,0,11,11,1632.16,28.5918
node,27,rx,-1,1692.66,1136.67,20762704,176,1,0,11,1151.07,28.5918
node,60,rx,-1,1907.16,1356.44,20762704,176,0,11,11,1212.41,28.5918
node,49,tx,-1,1248.82,710.336,20762704,176,0,7,1,983.587,29.1128
node,7,rx,-1,1316.56,644.339,20762704,176,0,7,11,1078.16,29.1544
node,33,rx,-1,1329.71,636.139,20762704,176,0,12,11,1093.3,29.1544
node,50,tx,-1,1830.11,704.878,20762704,176,1,11,1,1215.76,29.2807
node,40,rx,-1,1839.73,732.076,20762704,176,1,12,10,1252.87,29.281
node,38,rx,-1,1766.79,640.253,20762704,176,0,7,10,1125.28,29.281
node,60,tx,-1,1916.12,1365.73,20762704,176,0,12,1,1199.51,29.7921
node,43,rx,-1,1796.84,1245.14,20762704,176,0,11,12,1564.94,29.7924
node,85,rx,-1,1759.44,1203.84,20762704,176,0,11,12,1620.76,29.7924
node,27,rx,-1,1693.34,1137.36,20762704,176,1,0,12,1150.1,29.7924
node,47,tx,-1,1388.28,445.946,20762704,176,0,11,1,1368.51,29.8278
node,40,tx,-1,1839.73,732.076,20762704,176,1,12,1,1252.87,29.832
node,11,rx,-1,1426.45,485.033,20762704,176,0,11,11,1313.88,29.8544
node,46,rx,-1,1319.43,458.631,20762704,176,0,9,11,1465.39,29.8544
node,64,rx,-1,1367.07,618.763,20762704,176,0,12,11,1146.27,29.8544
node,33,rx,-1,1329.71,636.139,20762704,176,0,12,11,1093.3,29.8544
node,93,rx,-1,1542.94,604.142,20762704,176,1,12,11,1147.2,29.8544
node,72,rx,-1,1579.15,638.989,20762704,176,1,11,11,1096.48,29.8544
node,31,rx,-1,1603.65,664.421,20762704,176,1,11,11,1061.13,29.8544
node,50,rx,-1,1830.11,704.878,20762704,176,1,11,10,1215.76,29.8546
node,71,rx,-1,1806.19,764.978,20762704,176,1,11,10,1299.86,29.8546
node,38,tx,-1,1763.08,636.463,20762704,176,0,5,1,1119.98,30.3664
node,50,rx,-1,1821.93,696.524,20762704,176,1,11,11,1204.07,30.3666
node,40,rx,-1,1847.08,724.443,20762704,176,1,10,11,1242.24,30.3666
node,86,rx,-1,1645.28,739.665,20762704,176,0,8,11,956.686,30.3666
node,28,rx,-1,1609.27,774.15,20762704,176,0,10,11,906.821,30.3666
node,76,rx,-1,1587.88,795.24,20762704,176,0,10,11,876.782,30.3666
node,26,rx,-1,1573.06,809.845,20762704,176,0,2,11,855.978,30.3666
node,7,tx,-1,1310.22,650.519,20762704,176,0,8,1,1069.31,30.6863
node,33,rx,-1,1320.98,644.645,20762704,176,0,12,11,1081.11,30.6866
node,64,rx,-1,1359.39,611.014,20762704,176,0,10,11,1135.37,30.6866
node,49,rx,-1,1243.27,715.73,20762704,176,0,7,11,975.849,30.6866
node,11,rx,-1,1434.09,492.855,20762704,176,0,10,11,1302.94,30.6866
node,11,tx,-1,1434.09,492.855,20762704,176,0,10,1,1302.94,30.7085
node,47,rx,-1,1396.18,454.028,20762704,176,0,11,11,1357.21,30.7545
node,46,rx,-1,1325.75,452.187,20762704,176,0,9,11,1456.37,30.7545
node,64,rx,-1,1359.39,611.014,20762704,176,0,10,11,1135.37,30.7545
node,93,rx,-1,1548.21,609.558,20762704,176,1,7,11,1139.63,30.7545
node,33,rx,-1,1320.98,644.645,20762704,176,0,12,11,1081.11,30.7545
node,7,rx,-1,1310.22,650.519,20762704,176,0,8,11,1069.31,30.7545
node,72,rx,-1,1588.06,648.292,20762704,176,1,12,11,1083.56,30.7545
node,31,rx,-1,1611.09,672.117,20762704,176,1,10,11,1050.42,30.7545
node,27,tx,-1,1693.72,1137.76,20762704,176,1,0,1,1149.55,30.8181
node,85,rx,-1,1766.86,1212.03,20762704,176,0,11,11,1609.62,30.8543
node,43,rx,-1,1804.33,1253.38,20762704,176,0,11,11,1553.71,30.8543
node,60,rx,-1,1923.59,1374.88,20762704,176,0,12,11,1187.27,30.8543
node,93,tx,-1,1553.71,614.895,20762704,176,1,8,1,1131.41,31.2419
node,72,rx,-1,1595.9,656.404,20762704,176,1,11,12,1072.28,31.2543
node,31,rx,-1,1619.31,680.617,20762704,176,1,11,12,1038.6,31.2543
node,1,rx,-1,1457.28,708.028,20762704,176,0,11,12,1273.88,31.2543
node,11,rx,-1,1442.55,501.499,20762704,176,0,12,12,1290.85,31.2543
node,47,rx,-1,1404.53,462.583,20762704,176,0,11,12,1345.26,31.2543
node,28,tx,-1,1600.72,782.573,20762704,176,0,11,1,894.823,31.459
node,76,rx,-1,1582.29,800.752,20762704,176,0,7,12,868.93,31.4592
node,26,rx,-1,1573.03,809.878,20762704,176,0,0,12,855.931,31.4592
node,86,rx,-1,1638.95,745.647,20762704,176,0,8,12,947.977,31.4592
node,45,rx,-1,1582.34,833.372,20762704,176,0,10,12,868.254,31.4592
node,38,rx,-1,1760.55,633.88,20762704,176,0,3,12,1116.36,31.4592
node,86,tx,-1,1638.95,745.647,20762704,176,0,8,1,947.977,31.4968
node,28,rx,-1,1600.72,782.573,20762704,176,0,11,12,894.823,31.497
node,76,rx,-1,1582.29,800.752,20762704,176,0,7,12,868.93,31.497
node,26,rx,-1,1573.03,809.878,20762704,176,0,0,12,855.931,31.497
node,38,rx,-1,1760.55,633.88,20762704,176,0,3,12,1116.36,31.497
node,76,tx,-1,1579.75,803.248,20762704,176,0,3,1,865.374,32.1153
node,26,rx,-1,1572.98,809.929,20762704,176,0,0,12,855.858,32.1544
node,28,rx,-1,1593.18,790.008,20762704,176,0,10,12,884.234,32.1544
node,45,rx,-1,1573.34,824.157,20762704,176,0,12,12,855.373,32.1544
node,86,rx,-1,1631.55,752.649,20762704,176,0,10,12,937.784,32.1544
node,12,rx,-1,1622.78,875.294,20762704,176,0,11,12,926.503,32.1544
node,54,rx,-1,1664.43,917.683,20762704,176,0,12,12,985.923,32.1544
node,38,rx,-1,1756.26,632.041,20762704,176,0,5,12,1111.3,32.1544
node,16,rx,-1,1752.36,1006.85,20762704,176,0,12,12,1111.31,32.1544
node,26,tx,-1,1572.98,809.929,20762704,176,0,0,1,855.858,32.2314
node,76,rx,-1,1579.75,803.248,20762704,176,0,3,12,865.374,32.2545
node,45,rx,-1,1573.34,824.157,20762704,176,0,12,12,855.373,32.2545
node,28,rx,-1,1593.18,790.008,20762704,176,0,10,12,884.234,32.2545
node,86,rx,-1,1631.55,752.649,20762704,176,0,10,12,937.784,32.2545
node,12,rx,-1,1622.78,875.294,20762704,176,0,11,12,926.503,32.2545
node,54,rx,-1,1664.43,917.683,20762704,176,0,12,12,985.923,32.2545
node,1,rx,-1,1450.6,699.113,20762704,176,0,11,12,1262.32,32.2545
node,38,rx,-1,1756.26,632.041,20762704,176,0,5,12,1111.3,32.2545
node,16,rx,-1,1752.36,1006.85,20762704,176,0,12,12,1111.31,32.2545
node,31,tx,-1,1627.11,688.682,20762704,176,1,11,1,1027.38,32.5858
node,72,rx,-1,1603.73,664.5,20762704,176,1,11,12,1061.02,32.5861
node,93,rx,-1,1559.37,618.966,20762704,176,1,8,12,1123.19,32.5861
node,11,rx,-1,1450.85,510.102,20762704,176,0,11,12,1270.62,32.5861
node,47,rx,-1,1412.52,470.761,20762704,176,0,11,12,1333.83,32.5861
node,72,tx,-1,1603.73,664.5,20762704,176,1,11,1,1061.02,32.6531
node,31,rx,-1,1627.11,688.682,20762704,176,1,11,12,1027.38,32.6543
node,93,rx,-1,1559.37,618.966,20762704,176,1,8,12,1123.19,32.6543
node,11,rx,-1,1450.85,510.102,20762704,176,0,11,12,1270.62,32.6543
node,47,rx,-1,1412.52,470.761,20762704,176,0,11,12,1333.83,32.6543
node,1,tx,-1,1450.6,699.113,20762704,176,0,11,1,1262.32,32.8216
node,93,rx,-1,1559.37,618.966,20762704,176,1,8,13,1123.19,32.8545
node,26,rx,-1,1572.98,809.929,20762704,176,0,0,13,855.858,32.8545
node,45,rx,-1,1573.34,824.157,20762704,176,0,12,13,855.373,32.8545
node,12,rx,-1,1622.78,875.294,20762704,176,0,11,13,926.503,32.8545
node,54,rx,-1,1664.43,917.683,20762704,176,0,12,13,985.923,32.8545
