node,0,tx,-1,1038.66,1153.61,47312870,174,0,0,1,0,12.1681
node,56,rx,-1,1021.57,1170.33,47312870,176,1,6,1,23.9096,12.1683
node,6,rx,-1,1001.99,1171.8,47312870,176,0,3,1,1922.32,12.1683
node,105,rx,-1,1008.22,1183.37,47312870,176,1,4,1,42.5814,12.1683
node,132,rx,-1,994.59,1179.13,47312870,176,0,0,1,1932.74,12.1683
node,93,rx,-1,1072.87,1078.01,47312870,176,0,0,1,464.402,12.1683
node,129,rx,-1,1067.24,1072.27,47312870,176,0,0,1,472.484,12.1683
node,29,rx,-1,1074.75,1075.21,47312870,176,0,0,1,465.125,12.1683
node,112,rx,-1,897.542,1293.93,47312870,176,1,1,1,199.521,12.1683
node,44,rx,-1,886.697,1299.88,47312870,176,0,8,1,211.541,12.1683
node,66,rx,-1,845.246,1345.17,47312870,176,0,11,1,272.856,12.1683
node,4,rx,-1,827.625,1362.27,47312870,176,0,7,1,297.381,12.1683
node,48,rx,-1,809.999,1346.59,47312870,176,0,8,1,860.426,12.1683
node,90,rx,-1,795.246,1364.23,47312870,176,0,4,1,339.052,12.1683
node,15,rx,-1,783.864,1354.58,47312870,176,1,4,1,354.339,12.1683
node,128,rx,-1,774.635,1344.98,47312870,176,1,4,1,367.669,12.1683
node,29,tx,-1,1074.75,1075.21,47312870,176,0,0,1,465.125,12.7833
node,93,rx,-1,1072.87,1078.01,47312870,174,0,0,2,464.402,12.7835
node,129,rx,-1,1067.24,1072.27,47312870,174,0,0,2,472.484,12.7835
node,26,rx,-1,1110.56,1117.37,47312870,174,0,9,2,409.743,12.7835
node,56,rx,-1,1021.57,1170.33,47312870,174,1,6,2,23.9096,12.7835
node,6,rx,-1,1001.99,1171.8,47312870,174,0,3,2,1922.32,12.7835
node,105,rx,-1,1008.22,1183.37,47312870,174,1,4,2,42.5814,12.7835
node,132,rx,-1,994.59,1179.13,47312870,174,0,0,2,1932.74,12.7835
node,130,rx,-1,1288.33,892.09,47312870,174,0,1,2,1521.88,12.7835
node,112,rx,-1,897.542,1293.93,47312870,174,1,1,2,199.521,12.7835
node,94,rx,-1,1291.07,880.249,47312870,174,0,5,2,1511.67,12.7835
node,44,rx,-1,886.697,1299.88,47312870,174,0,8,2,211.541,12.7835
node,73,rx,-1,1302.61,859.902,47312870,174,0,9,2,1489.23,12.7835
node,122,rx,-1,1290.12,1304.48,47312870,174,0,0,2,679.277,12.7835
node,37,rx,-1,1302.54,1318.27,47312870,174,0,7,2,660.78,12.7835
node,90,tx,-1,795.246,1364.23,47312870,176,0,4,1,339.052,12.8176
node,15,rx,-1,783.864,1354.58,47312870,174,1,4,2,354.339,12.8544
node,48,rx,-1,809.999,1346.59,47312870,174,0,8,2,860.426,12.8544
node,128,rx,-1,774.635,1344.98,47312870,174,1,4,2,367.669,12.8544
node,4,rx,-1,827.625,1362.27,47312870,174,0,7,2,297.381,12.8544
node,66,rx,-1,845.246,1345.17,47312870,174,0,11,2,272.856,12.8544
node,72,rx,-1,860.882,1430.5,47312870,174,1,6,2,388.958,12.8544
node,77,rx,-1,748.882,1446.89,47312870,174,0,10,2,415.265,12.8544
node,61,rx,-1,725.137,1292.48,47312870,174,0,3,2,439.912,12.8544
node,44,rx,-1,886.697,1299.88,47312870,174,0,8,2,211.541,12.8544
node,125,rx,-1,716.599,1283.42,47312870,174,0,1,2,452.358,12.8544
node,100,rx,-1,877.725,1447.59,47312870,174,1,3,2,412.958,12.8544
node,119,rx,-1,736.651,1471.03,47312870,174,0,2,2,442.183,12.8544
node,112,rx,-1,897.542,1293.93,47312870,174,1,1,2,199.521,12.8544
node,11,rx,-1,892.208,1462.42,47312870,174,1,8,2,433.686,12.8544
node,43,rx,-1,709.527,1512.14,47312870,174,0,6,2,1059.98,12.8544
node,95,rx,-1,930.454,1502.52,47312870,174,0,4,2,633.053,12.8544
node,132,rx,-1,994.59,1179.13,47312870,174,0,0,2,1932.74,12.8544
node,105,rx,-1,1008.22,1183.37,47312870,174,1,4,2,42.5814,12.8544
node,6,rx,-1,1001.99,1171.8,47312870,174,0,3,2,1922.32,12.8544
node,56,rx,-1,1021.57,1170.33,47312870,174,1,6,2,23.9096,12.8544
node,105,tx,-1,1012.55,1179.16,47312870,176,1,6,1,36.5341,13.3737
node,6,rx,-1,1004.97,1168.84,47312870,176,0,4,2,1918.12,13.3739
node,132,rx,-1,995.214,1178.51,47312870,176,0,0,2,1931.86,13.3739
node,56,rx,-1,1025.8,1166.2,47312870,176,1,5,2,18.004,13.3739
node,93,rx,-1,1072.87,1078.01,47312870,176,0,0,2,464.4,13.3739
node,129,rx,-1,1067.53,1072.55,47312870,176,0,0,2,472.082,13.3739
node,29,rx,-1,1075.27,1075.74,47312870,176,0,0,2,464.417,13.3739
node,112,rx,-1,899.959,1291.59,47312870,176,1,3,2,196.152,13.3739
node,44,rx,-1,893.121,1293.63,47312870,176,0,9,2,202.477,13.3739
node,66,rx,-1,854.254,1336.26,47312870,176,0,12,2,260.181,13.3739
node,48,rx,-1,817.354,1339.28,47312870,176,0,10,2,850.061,13.3739
node,4,rx,-1,832.985,1357.18,47312870,176,0,7,2,289.989,13.3739
node,90,rx,-1,799.631,1368.92,47312870,176,0,6,2,332.625,13.3739
node,15,rx,-1,787.186,1357.98,47312870,176,1,4,2,349.379,13.3739
node,128,rx,-1,777.062,1347.54,47312870,176,1,3,2,364.137,13.3739
node,26,tx,-1,1117.16,1124.21,47312870,174,0,9,1,400.239,13.5039
node,93,rx,-1,1072.87,1078.01,47312870,176,0,0,3,464.4,13.5546
node,29,rx,-1,1075.27,1075.74,47312870,176,0,0,3,464.417,13.5546
node,129,rx,-1,1067.53,1072.55,47312870,176,0,0,3,472.082,13.5546
node,4,tx,-1,832.985,1357.18,47312870,176,0,7,1,289.989,13.6933
node,48,rx,-1,817.354,1339.28,47312870,176,0,10,2,850.061,13.6936
node,66,rx,-1,854.254,1336.26,47312870,176,0,12,2,260.181,13.6936
node,90,rx,-1,799.631,1368.92,47312870,176,0,6,2,332.625,13.6936
node,15,rx,-1,787.186,1357.98,47312870,176,1,4,2,349.379,13.6936
node,128,rx,-1,777.062,1347.54,47312870,176,1,3,2,364.137,13.6936
node,44,rx,-1,893.121,1293.63,47312870,176,0,9,2,202.477,13.6936
node,112,rx,-1,899.959,1291.59,47312870,176,1,3,2,196.152,13.6936
node,77,rx,-1,753.159,1438.26,47312870,176,0,9,2,405.584,13.6936
node,132,rx,-1,995.214,1178.51,47312870,176,0,0,2,1931.86,13.6936
node,105,rx,-1,1012.55,1179.16,47312870,176,1,6,2,36.5341,13.6936
node,6,rx,-1,1004.97,1168.84,47312870,176,0,4,2,1918.12,13.6936
node,56,rx,-1,1025.8,1166.2,47312870,176,1,5,2,18.004,13.6936
node,94,tx,-1,1294.51,872.32,47312870,174,0,7,1,1503.69,13.7074
node,15,tx,-1,787.186,1357.98,47312870,176,1,4,1,349.379,13.744
node,130,rx,-1,1288.22,887.593,47312870,176,0,3,3,1518.82,13.7543
node,73,rx,-1,1309.8,852.941,47312870,176,0,10,3,1479.22,13.7543
node,10,rx,-1,1384.12,820.144,47312870,176,0,3,3,834.442,13.7543
node,92,rx,-1,1371.28,793.393,47312870,176,1,4,3,1393.6,13.7543
node,64,rx,-1,1381.86,783.037,47312870,176,1,9,3,1378.79,13.7543
node,89,rx,-1,1462.48,709.324,47312870,176,0,4,3,1276.98,13.7543
node,29,rx,-1,1075.27,1075.74,47312870,176,0,0,3,464.417,13.7543
node,93,rx,-1,1072.87,1078.01,47312870,176,0,0,3,464.4,13.7543
node,129,rx,-1,1067.53,1072.55,47312870,176,0,0,3,472.082,13.7543
node,128,rx,-1,777.062,1347.54,47312870,176,1,3,2,364.137,13.7543
node,90,rx,-1,799.631,1368.92,47312870,176,0,6,2,332.625,13.7543
node,48,rx,-1,817.354,1339.28,47312870,176,0,10,2,850.061,13.7543
node,4,rx,-1,832.985,1357.18,47312870,176,0,7,2,289.989,13.7543
node,66,rx,-1,854.254,1336.26,47312870,176,0,12,2,260.181,13.7543
node,61,rx,-1,727.62,1295.11,47312870,176,0,3,2,436.291,13.7543
node,77,rx,-1,753.159,1438.26,47312870,176,0,9,2,405.584,13.7543
node,72,rx,-1,854.992,1424.52,47312870,176,1,8,2,380.564,13.7543
node,125,rx,-1,718.415,1285.35,47312870,176,0,2,2,449.711,13.7543
node,119,rx,-1,738.804,1467.38,47312870,176,0,4,2,438.074,13.7543
node,100,rx,-1,874.155,1443.97,47312870,176,1,5,2,407.871,13.7543
node,44,rx,-1,893.121,1293.63,47312870,176,0,9,2,202.477,13.7543
node,112,rx,-1,899.959,1291.59,47312870,176,1,3,2,196.152,13.7543
node,11,rx,-1,887.757,1457.85,47312870,176,1,6,2,427.305,13.7543
node,43,rx,-1,713.561,1504.33,47312870,176,0,8,2,1051.25,13.7543
node,95,rx,-1,936.784,1499.35,47312870,176,0,6,2,626.782,13.7543
node,132,rx,-1,995.214,1178.51,47312870,176,0,0,2,1931.86,13.7543
node,105,rx,-1,1012.55,1179.16,47312870,176,1,6,2,36.5341,13.7543
node,6,rx,-1,1004.97,1168.84,47312870,176,0,4,2,1918.12,13.7543
node,56,rx,-1,1025.8,1166.2,47312870,176,1,5,2,18.004,13.7543
node,48,tx,-1,817.354,1339.28,47312870,176,0,10,1,850.061,13.8235
node,4,rx,-1,832.985,1357.18,47312870,176,0,7,2,289.989,13.8545
node,90,rx,-1,799.631,1368.92,47312870,176,0,6,2,332.625,13.8545
node,15,rx,-1,787.186,1357.98,47312870,176,1,4,2,349.379,13.8545
node,66,rx,-1,854.254,1336.26,47312870,176,0,12,2,260.181,13.8545
node,128,rx,-1,777.062,1347.54,47312870,176,1,3,2,364.137,13.8545
node,44,rx,-1,893.121,1293.63,47312870,176,0,9,2,202.477,13.8545
node,112,rx,-1,899.959,1291.59,47312870,176,1,3,2,196.152,13.8545
node,77,rx,-1,753.159,1438.26,47312870,176,0,9,2,405.584,13.8545
node,119,rx,-1,738.804,1467.38,47312870,176,0,4,2,438.074,13.8545
node,43,rx,-1,713.561,1504.33,47312870,176,0,8,2,1051.25,13.8545
node,132,rx,-1,995.214,1178.51,47312870,176,0,0,2,1931.86,13.8545
node,105,rx,-1,1012.55,1179.16,47312870,176,1,6,2,36.5341,13.8545
node,6,rx,-1,1004.97,1168.84,47312870,176,0,4,2,1918.12,13.8545
node,56,rx,-1,1025.8,1166.2,47312870,176,1,5,2,18.004,13.8545
node,66,tx,-1,862.758,1327.84,47312870,176,0,11,1,248.214,14.1484
node,4,rx,-1,838.369,1351.98,47312870,176,0,7,2,282.534,14.1545
node,48,rx,-1,825.074,1331.62,47312870,176,0,10,2,839.184,14.1545
node,135,rx,-1,895.22,1296.19,47312870,176,1,0,2,202.858,14.1545
node,112,rx,-1,901.277,1290.3,47312870,176,1,1,2,194.314,14.1545
node,44,rx,-1,899.095,1287.82,47312870,176,0,8,2,194.149,14.1545
node,90,rx,-1,802.414,1372.02,47312870,176,1,4,2,328.458,14.1545
node,15,rx,-1,791.961,1362.32,47312870,176,1,6,2,342.88,14.1545
node,128,rx,-1,780.931,1351.63,47312870,176,1,5,2,358.508,14.1545
node,139,rx,-1,772.67,1342.9,47312870,176,1,0,2,370.528,14.1545
node,77,rx,-1,758.364,1430.6,47312870,176,0,9,2,395.901,14.1545
node,132,rx,-1,996.013,1177.72,47312870,176,0,1,2,1930.73,14.1545
node,105,rx,-1,1016.91,1174.9,47312870,176,1,6,2,30.4436,14.1545
node,6,rx,-1,1008.41,1165.43,47312870,176,0,4,2,1913.28,14.1545
node,56,rx,-1,1029.33,1162.74,47312870,176,1,4,2,13.0519,14.1545
node,93,rx,-1,1072.87,1078.02,47312870,176,0,0,2,464.399,14.1545
node,129,rx,-1,1067.62,1072.65,47312870,176,0,0,2,471.949,14.1545
node,29,rx,-1,1075.28,1075.75,47312870,176,0,0,2,464.406,14.1545
node,132,tx,-1,996.013,1177.72,47312870,176,0,1,1,1930.73,14.24
node,6,rx,-1,1008.41,1165.43,47312870,176,0,4,2,1913.28,14.2544
node,105,rx,-1,1016.91,1174.9,47312870,176,1,6,2,30.4436,14.2544
node,56,rx,-1,1029.33,1162.74,47312870,176,1,4,2,13.0519,14.2544
node,93,rx,-1,1072.87,1078.02,47312870,176,0,0,2,464.399,14.2544
node,129,rx,-1,1067.62,1072.65,47312870,176,0,0,2,471.949,14.2544
node,29,rx,-1,1075.28,1075.75,47312870,176,0,0,2,464.406,14.2544
node,138,rx,-1,1082.61,1289.5,47312870,176,1,0,2,690.518,14.2544
node,44,rx,-1,899.095,1287.82,47312870,176,0,8,2,194.149,14.2544
node,112,rx,-1,901.277,1290.3,47312870,176,1,1,2,194.314,14.2544
node,135,rx,-1,895.22,1296.19,47312870,176,1,0,2,202.858,14.2544
node,66,rx,-1,862.758,1327.84,47312870,176,0,11,2,248.214,14.2544
node,48,rx,-1,825.074,1331.62,47312870,176,0,10,2,839.184,14.2544
node,4,rx,-1,838.369,1351.98,47312870,176,0,7,2,282.534,14.2544
node,68,rx,-1,1162.87,1364.62,47312870,176,0,10,2,288.722,14.2544
node,90,rx,-1,802.414,1372.02,47312870,176,1,4,2,328.458,14.2544
node,15,rx,-1,791.961,1362.32,47312870,176,1,6,2,342.88,14.2544
node,128,rx,-1,780.931,1351.63,47312870,176,1,5,2,358.508,14.2544
node,117,rx,-1,1187.27,1387.43,47312870,176,0,6,2,322.268,14.2544
node,77,rx,-1,758.364,1430.6,47312870,176,0,9,2,395.901,14.2544
node,37,tx,-1,1315.16,1331.83,47312870,174,0,10,1,642.261,14.2926
node,122,rx,-1,1291.76,1306.3,47312870,176,0,1,3,676.834,14.2929
node,108,rx,-1,1453.63,1471.43,47312870,176,0,1,3,679.666,14.2929
node,47,rx,-1,1459.34,1476.95,47312870,176,0,0,3,671.723,14.2929
node,13,rx,-1,1469.74,1472.17,47312870,176,0,0,3,671.999,14.2929
node,26,rx,-1,1127.14,1129.78,47312870,176,0,10,3,389.298,14.2929
node,125,tx,-1,721.702,1288.83,47312870,174,0,4,1,444.919,14.3071
node,61,rx,-1,731.531,1299.26,47312870,176,0,5,3,430.591,14.3543
node,139,rx,-1,772.67,1342.9,47312870,176,1,0,3,370.528,14.3543
node,128,rx,-1,780.931,1351.63,47312870,176,1,5,3,358.508,14.3544
node,15,rx,-1,791.961,1362.32,47312870,176,1,6,3,342.88,14.3544
node,90,rx,-1,802.414,1372.02,47312870,176,1,4,3,328.458,14.3544
node,72,rx,-1,848.258,1417.68,47312870,176,1,9,3,370.967,14.3544
node,100,rx,-1,869.216,1438.96,47312870,176,1,7,3,400.833,14.3544
node,11,rx,-1,883.22,1453.19,47312870,176,1,6,3,420.801,14.3544
node,95,rx,-1,943.709,1499.5,47312870,176,0,6,3,619.849,14.3544
node,6,tx,-1,1008.41,1165.43,47312870,176,0,4,1,1913.28,14.4017
node,95,tx,-1,943.709,1499.5,47312870,174,0,6,1,619.849,14.4217
node,16,rx,-1,971.147,1500.07,47312870,176,0,8,3,592.378,14.4543
node,102,rx,-1,907.313,1462.9,47312870,176,1,5,3,453.948,14.4543
node,11,rx,-1,883.22,1453.19,47312870,176,1,6,3,420.801,14.4543
node,100,rx,-1,869.216,1438.96,47312870,176,1,7,3,400.833,14.4543
node,72,rx,-1,848.258,1417.68,47312870,176,1,9,3,370.967,14.4543
node,58,rx,-1,1070.65,1492,47312870,176,0,5,3,504.25,14.4543
node,136,rx,-1,735,1473.81,47312870,176,0,0,3,445.418,14.4543
node,43,rx,-1,717.428,1495.8,47312870,176,0,9,3,1041.95,14.4543
node,139,rx,-1,772.67,1342.9,47312870,176,1,0,3,370.528,14.4543
node,82,rx,-1,1183.03,1488.46,47312870,176,1,11,3,530.645,14.4543
node,61,rx,-1,731.531,1299.26,47312870,176,0,5,3,430.591,14.4543
node,125,rx,-1,721.702,1288.83,47312870,176,0,4,3,444.919,14.4543
node,105,rx,-1,1016.91,1174.9,47312870,176,1,6,2,30.4436,14.4543
node,132,rx,-1,996.013,1177.72,47312870,176,0,1,2,1930.73,14.4543
node,56,rx,-1,1029.33,1162.74,47312870,176,1,4,2,13.0519,14.4543
node,93,rx,-1,1072.87,1078.02,47312870,176,0,0,2,464.399,14.4543
node,129,rx,-1,1067.62,1072.65,47312870,176,0,0,2,471.949,14.4543
node,29,rx,-1,1075.28,1075.75,47312870,176,0,0,2,464.406,14.4543
node,44,rx,-1,899.095,1287.82,47312870,176,0,8,2,194.149,14.4543
node,112,rx,-1,901.277,1290.3,47312870,176,1,1,2,194.314,14.4543
node,135,rx,-1,895.22,1296.19,47312870,176,1,0,2,202.858,14.4543
node,66,rx,-1,862.758,1327.84,47312870,176,0,11,2,248.214,14.4543
node,48,rx,-1,825.074,1331.62,47312870,176,0,10,2,839.184,14.4543
node,4,rx,-1,838.369,1351.98,47312870,176,0,7,2,282.534,14.4543
node,44,tx,-1,899.095,1287.82,47312870,176,0,8,1,194.149,14.5267
node,112,rx,-1,901.277,1290.3,47312870,176,1,1,2,194.314,14.5546
node,135,rx,-1,895.22,1296.19,47312870,176,1,0,2,202.858,14.5546
node,34,rx,-1,926.815,1306.72,47312870,176,1,10,2,664.521,14.5546
node,66,rx,-1,862.758,1327.84,47312870,176,0,11,2,248.214,14.5546
node,48,rx,-1,825.074,1331.62,47312870,176,0,10,2,839.184,14.5546
node,4,rx,-1,838.369,1351.98,47312870,176,0,7,2,282.534,14.5546
node,90,rx,-1,802.414,1372.02,47312870,176,1,4,2,328.458,14.5546
node,15,rx,-1,791.961,1362.32,47312870,176,1,6,2,342.88,14.5546
node,128,rx,-1,780.931,1351.63,47312870,176,1,5,2,358.508,14.5546
node,139,rx,-1,772.67,1342.9,47312870,176,1,0,2,370.528,14.5546
node,132,rx,-1,996.013,1177.72,47312870,176,0,1,2,1930.73,14.5546
node,105,rx,-1,1016.91,1174.9,47312870,176,1,6,2,30.4436,14.5546
node,6,rx,-1,1008.41,1165.43,47312870,176,0,4,2,1913.28,14.5546
node,56,rx,-1,1029.33,1162.74,47312870,176,1,4,2,13.0519,14.5546
node,77,rx,-1,758.364,1430.6,47312870,176,0,9,2,395.901,14.5546
node,93,rx,-1,1072.87,1078.02,47312870,176,0,0,2,464.399,14.5546
node,129,rx,-1,1067.62,1072.65,47312870,176,0,0,2,471.949,14.5546
node,29,rx,-1,1075.28,1075.75,47312870,176,0,0,2,464.406,14.5546
node,73,tx,-1,1317.59,845.404,47312870,174,0,10,1,1468.38,14.5774
node,94,rx,-1,1299.63,862.779,47312870,176,0,10,3,1493.37,14.5777
node,130,rx,-1,1288.83,882.419,47312870,176,0,4,3,1514.79,14.5777
node,10,rx,-1,1385.58,821.607,47312870,176,0,2,3,832.374,14.5777
node,92,rx,-1,1376.57,788.217,47312870,176,1,7,3,1386.2,14.5777
node,64,rx,-1,1389.5,775.557,47312870,176,1,10,3,1368.1,14.5777
node,89,rx,-1,1459.28,703.465,47312870,176,0,7,3,1269.93,14.5777
node,84,rx,-1,1559.94,619.484,47312870,176,0,8,3,1120.65,14.5777
node,29,rx,-1,1075.28,1075.75,47312870,176,0,0,3,464.406,14.5777
node,93,rx,-1,1072.87,1078.02,47312870,176,0,0,3,464.399,14.5777
node,129,rx,-1,1067.62,1072.65,47312870,176,0,0,3,471.949,14.5777
node,56,tx,-1,1029.33,1162.74,47312870,176,1,4,1,13.0519,14.6773
node,105,rx,-1,1016.91,1174.9,47312870,176,1,6,2,30.4436,14.6775
node,6,rx,-1,1008.41,1165.43,47312870,176,0,4,2,1913.28,14.6775
node,132,rx,-1,996.013,1177.72,47312870,176,0,1,2,1930.73,14.6775
node,93,rx,-1,1072.87,1078.02,47312870,176,0,0,2,464.399,14.6775
node,129,rx,-1,1067.62,1072.65,47312870,176,0,0,2,471.949,14.6775
node,29,rx,-1,1075.28,1075.75,47312870,176,0,0,2,464.406,14.6775
node,44,rx,-1,899.095,1287.82,47312870,176,0,8,2,194.149,14.6775
node,112,rx,-1,901.277,1290.3,47312870,176,1,1,2,194.314,14.6775
node,135,rx,-1,895.22,1296.19,47312870,176,1,0,2,202.858,14.6775
node,66,rx,-1,862.758,1327.84,47312870,176,0,11,2,248.214,14.6775
node,48,rx,-1,825.074,1331.62,47312870,176,0,10,2,839.184,14.6775
node,4,rx,-1,838.369,1351.98,47312870,176,0,7,2,282.534,14.6775
node,90,rx,-1,802.414,1372.02,47312870,176,1,4,2,328.458,14.6775
node,15,rx,-1,791.961,1362.32,47312870,176,1,6,2,342.88,14.6775
node,128,rx,-1,780.931,1351.63,47312870,176,1,5,2,358.508,14.6775
node,128,tx,-1,780.931,1351.63,47312870,176,1,5,1,358.508,14.7038
node,119,tx,-1,740.7,1463.55,47312870,174,0,4,1,433.911,14.7493
node,136,rx,-1,735,1473.81,47312870,176,0,0,3,445.418,14.7544
node,77,rx,-1,758.364,1430.6,47312870,176,0,9,3,395.901,14.7544
node,43,rx,-1,717.428,1495.8,47312870,176,0,9,3,1041.95,14.7544
node,90,rx,-1,802.414,1372.02,47312870,176,1,4,3,328.458,14.7544
node,15,rx,-1,791.961,1362.32,47312870,176,1,6,3,342.88,14.7544
node,128,rx,-1,780.931,1351.63,47312870,176,1,5,3,358.508,14.7544
node,139,rx,-1,772.67,1342.9,47312870,176,1,0,3,370.528,14.7544
node,48,rx,-1,825.074,1331.62,47312870,176,0,10,3,839.184,14.7544
node,139,rx,-1,772.67,1342.9,47312870,176,1,0,2,370.528,14.7547
node,15,rx,-1,791.961,1362.32,47312870,176,1,6,2,342.88,14.7547
node,90,rx,-1,802.414,1372.02,47312870,176,1,4,2,328.458,14.7547
node,48,rx,-1,825.074,1331.62,47312870,176,0,10,2,839.184,14.7547
node,4,rx,-1,838.369,1351.98,47312870,176,0,7,2,282.534,14.7547
node,61,rx,-1,731.531,1299.26,47312870,176,0,5,2,430.591,14.7547
node,77,rx,-1,758.364,1430.6,47312870,176,0,9,2,395.901,14.7547
node,66,rx,-1,862.758,1327.84,47312870,176,0,11,2,248.214,14.7547
node,125,rx,-1,721.702,1288.83,47312870,176,0,4,2,444.919,14.7547
node,72,rx,-1,848.258,1417.68,47312870,176,1,9,2,370.967,14.7547
node,119,rx,-1,740.7,1463.55,47312870,176,0,4,2,433.911,14.7547
node,100,rx,-1,869.216,1438.96,47312870,176,1,7,2,400.833,14.7547
node,135,rx,-1,895.22,1296.19,47312870,176,1,0,2,202.858,14.7547
node,136,rx,-1,735,1473.81,47312870,176,0,0,2,445.418,14.7547
node,44,rx,-1,899.095,1287.82,47312870,176,0,8,2,194.149,14.7547
node,112,rx,-1,901.277,1290.3,47312870,176,1,1,2,194.314,14.7547
node,11,rx,-1,883.22,1453.19,47312870,176,1,6,2,420.801,14.7547
node,43,rx,-1,717.428,1495.8,47312870,176,0,9,2,1041.95,14.7547
node,95,rx,-1,943.709,1499.5,47312870,176,0,6,2,619.849,14.7547
node,132,rx,-1,996.013,1177.72,47312870,176,0,1,2,1930.73,14.7547
node,6,rx,-1,1008.41,1165.43,47312870,176,0,4,2,1913.28,14.7547
node,105,rx,-1,1016.91,1174.9,47312870,176,1,6,2,30.4436,14.7547
node,56,rx,-1,1029.33,1162.74,47312870,176,1,4,2,13.0519,14.7547
node,92,tx,-1,1376.57,788.217,47312870,176,1,7,1,1386.2,14.8101
node,112,tx,-1,901.277,1290.3,47312870,176,1,1,1,194.314,14.8274
node,64,rx,-1,1389.5,775.557,47312870,176,1,10,4,1368.1,14.8543
node,10,rx,-1,1385.58,821.607,47312870,176,0,2,4,832.374,14.8543
node,73,rx,-1,1317.59,845.404,47312870,176,0,10,4,1468.38,14.8543
node,94,rx,-1,1299.63,862.779,47312870,176,0,10,4,1493.37,14.8543
node,89,rx,-1,1459.28,703.465,47312870,176,0,7,4,1269.93,14.8543
node,130,rx,-1,1288.83,882.419,47312870,176,0,4,4,1514.79,14.8543
node,84,rx,-1,1559.94,619.484,47312870,176,0,8,4,1120.65,14.8543
node,44,rx,-1,899.095,1287.82,47312870,176,0,8,2,194.149,14.8543
node,135,rx,-1,895.22,1296.19,47312870,176,1,0,2,202.858,14.8543
node,34,rx,-1,926.815,1306.72,47312870,176,1,10,2,664.521,14.8543
node,66,rx,-1,862.758,1327.84,47312870,176,0,11,2,248.214,14.8543
node,48,rx,-1,825.074,1331.62,47312870,176,0,10,2,839.184,14.8543
node,4,rx,-1,838.369,1351.98,47312870,176,0,7,2,282.534,14.8543
node,90,rx,-1,802.414,1372.02,47312870,176,1,4,2,328.458,14.8543
node,15,rx,-1,791.961,1362.32,47312870,176,1,6,2,342.88,14.8543
node,128,rx,-1,780.931,1351.63,47312870,176,1,5,2,358.508,14.8543
node,139,rx,-1,772.67,1342.9,47312870,176,1,0,2,370.528,14.8543
node,132,rx,-1,996.013,1177.72,47312870,176,0,1,2,1930.73,14.8543
node,105,rx,-1,1016.91,1174.9,47312870,176,1,6,2,30.4436,14.8543
node,6,rx,-1,1008.41,1165.43,47312870,176,0,4,2,1913.28,14.8543
node,56,rx,-1,1029.33,1162.74,47312870,176,1,4,2,13.0519,14.8543
node,77,rx,-1,758.364,1430.6,47312870,176,0,9,2,395.901,14.8543
node,93,rx,-1,1072.87,1078.02,47312870,176,0,0,2,464.399,14.8543
node,129,rx,-1,1067.62,1072.65,47312870,176,0,0,2,471.949,14.8543
node,29,rx,-1,1075.28,1075.75,47312870,176,0,0,2,464.406,14.8543
node,93,tx,-1,1072.87,1078.02,47312870,176,0,0,1,464.399,14.8561
node,29,rx,-1,1075.28,1075.75,47312870,176,0,0,2,464.406,14.8564
node,129,rx,-1,1067.62,1072.65,47312870,176,0,0,2,471.949,14.8564
node,26,rx,-1,1127.14,1129.78,47312870,176,0,10,2,389.298,14.8564
node,56,rx,-1,1029.33,1162.74,47312870,176,1,4,2,13.0519,14.8564
node,6,rx,-1,1008.41,1165.43,47312870,176,0,4,2,1913.28,14.8564
node,105,rx,-1,1016.91,1174.9,47312870,176,1,6,2,30.4436,14.8564
node,132,rx,-1,996.013,1177.72,47312870,176,0,1,2,1930.73,14.8564
node,44,rx,-1,899.095,1287.82,47312870,176,0,8,2,194.149,14.8564
node,112,rx,-1,901.277,1290.3,47312870,176,1,1,2,194.314,14.8564
node,135,rx,-1,895.22,1296.19,47312870,176,1,0,2,202.858,14.8564
node,130,rx,-1,1288.83,882.419,47312870,176,0,4,2,1514.79,14.8564
node,94,rx,-1,1299.63,862.779,47312870,176,0,10,2,1493.37,14.8564
node,66,rx,-1,862.758,1327.84,47312870,176,0,11,2,248.214,14.8564
node,73,rx,-1,1317.59,845.404,47312870,176,0,10,2,1468.38,14.8564
node,135,tx,-1,893.027,1293.73,47312870,176,1,0,1,202.608,15.0453
node,112,rx,-1,899.136,1287.78,47312870,176,1,0,3,194.092,15.0545
node,44,rx,-1,906.287,1283.03,47312870,176,0,8,3,185.451,15.0545
node,66,rx,-1,871.99,1318.79,47312870,176,0,12,3,235.269,15.0545
node,34,rx,-1,935.221,1315.35,47312870,176,1,12,3,652.475,15.0545
node,48,rx,-1,833.655,1323.1,47312870,176,0,12,3,827.091,15.0545
node,4,rx,-1,845.176,1345.24,47312870,176,0,9,3,272.955,15.0545
node,90,rx,-1,806.682,1376.97,47312870,176,1,6,3,368.566,15.0545
node,15,rx,-1,793.778,1363.16,47312870,176,1,1,3,340.882,15.0545
node,128,rx,-1,785.246,1355.91,47312870,176,1,6,3,352.219,15.0545
node,139,rx,-1,773.242,1343.5,47312870,176,1,0,3,369.696,15.0545
node,132,rx,-1,997.076,1176.67,47312870,176,0,1,3,1929.24,15.0545
node,6,rx,-1,1012.47,1161.4,47312870,176,0,5,3,1907.56,15.0545
node,105,rx,-1,1022.16,1169.76,47312870,176,1,7,3,23.0867,15.0545
node,77,rx,-1,763.1,1423.78,47312870,176,0,8,3,387.525,15.0545
node,56,rx,-1,1031.56,1160.56,47312870,176,1,3,3,9.93732,15.0545
node,93,rx,-1,1072.87,1078.02,47312870,176,0,0,3,464.399,15.0545
node,129,rx,-1,1067.65,1072.68,47312870,176,0,0,3,471.904,15.0545
node,29,rx,-1,1075.28,1075.75,47312870,176,0,0,3,464.403,15.0545
node,61,tx,-1,736.763,1304.81,47312870,174,0,7,1,422.964,15.0822
node,125,rx,-1,724.52,1291.82,47312870,176,0,4,3,440.81,15.0825
node,139,rx,-1,773.242,1343.5,47312870,176,1,0,3,369.696,15.0825
node,128,rx,-1,785.246,1355.91,47312870,176,1,6,3,352.219,15.0825
node,15,rx,-1,793.778,1363.16,47312870,176,1,1,3,340.882,15.0825
node,90,rx,-1,806.682,1376.97,47312870,176,1,6,3,368.566,15.0825
node,72,rx,-1,839.96,1408.92,47312870,176,1,12,3,358.895,15.0825
node,100,rx,-1,862.746,1432.39,47312870,176,1,9,3,391.613,15.0825
node,11,rx,-1,878.228,1448.1,47312870,176,1,7,3,413.676,15.0825
node,102,rx,-1,904.312,1465.88,47312870,176,1,4,3,449.716,15.0825
node,129,tx,-1,1067.65,1072.68,47312870,176,0,0,1,471.904,15.1477
node,93,rx,-1,1072.87,1078.02,47312870,176,0,0,2,464.399,15.1546
node,29,rx,-1,1075.28,1075.75,47312870,176,0,0,2,464.403,15.1546
node,26,rx,-1,1135.69,1138.62,47312870,176,0,12,2,376.999,15.1546
node,56,rx,-1,1031.56,1160.56,47312870,176,1,3,2,9.93732,15.1546
node,6,rx,-1,1012.47,1161.4,47312870,176,0,5,2,1907.56,15.1546
node,105,rx,-1,1022.16,1169.76,47312870,176,1,7,2,23.0867,15.1546
node,132,rx,-1,997.076,1176.67,47312870,176,0,1,2,1929.24,15.1546
node,44,rx,-1,906.287,1283.03,47312870,176,0,8,2,185.451,15.1546
node,112,rx,-1,899.136,1287.78,47312870,176,1,0,2,194.092,15.1546
node,135,rx,-1,893.027,1293.73,47312870,176,1,0,2,202.608,15.1546
node,130,rx,-1,1290.53,876.173,47312870,176,0,5,2,1509.23,15.1546
node,66,rx,-1,871.99,1318.79,47312870,176,0,12,2,235.269,15.1546
node,94,rx,-1,1308.37,854.323,47312870,176,0,12,2,1481.21,15.1546
node,48,rx,-1,833.655,1323.1,47312870,176,0,12,2,827.091,15.1546
node,73,rx,-1,1325.64,837.619,47312870,176,0,11,2,1457.19,15.1546
node,130,tx,-1,1290.53,876.173,47312870,174,0,5,1,1509.23,15.1937
node,94,rx,-1,1308.37,854.323,47312870,176,0,12,3,1481.21,15.194
node,73,rx,-1,1325.64,837.619,47312870,176,0,11,3,1457.19,15.194
node,10,rx,-1,1385.76,821.792,47312870,176,0,0,3,832.117,15.194
node,92,rx,-1,1383.31,781.615,47312870,176,1,9,3,1376.76,15.194
node,64,rx,-1,1398.27,766.976,47312870,176,1,12,3,1355.83,15.194
node,89,rx,-1,1450.7,699.215,47312870,176,1,9,3,1260.83,15.194
node,29,rx,-1,1075.28,1075.75,47312870,176,0,0,3,464.403,15.194
node,93,rx,-1,1072.87,1078.02,47312870,176,0,0,3,464.399,15.194
node,129,rx,-1,1067.65,1072.68,47312870,176,0,0,3,471.904,15.194
node,72,tx,-1,839.96,1408.92,47312870,174,1,12,1,358.895,15.2088
node,100,rx,-1,862.746,1432.39,47312870,176,1,9,3,391.613,15.2544
node,90,rx,-1,806.682,1376.97,47312870,176,1,6,3,368.566,15.2544
node,11,rx,-1,878.228,1448.1,47312870,176,1,7,3,413.676,15.2544
node,15,rx,-1,793.778,1363.16,47312870,176,1,1,3,340.882,15.2544
node,128,rx,-1,785.246,1355.91,47312870,176,1,6,3,352.219,15.2544
node,102,rx,-1,904.312,1465.88,47312870,176,1,4,3,449.716,15.2544
node,139,rx,-1,773.242,1343.5,47312870,176,1,0,3,369.696,15.2544
node,95,rx,-1,951.274,1499.66,47312870,176,0,7,3,612.275,15.2544
node,61,rx,-1,736.763,1304.81,47312870,176,0,7,3,422.964,15.2544
node,125,rx,-1,724.52,1291.82,47312870,176,0,4,3,440.81,15.2544
node,77,tx,-1,763.1,1423.78,47312870,174,0,8,1,387.525,15.3304
node,119,rx,-1,742.973,1458.92,47312870,176,0,5,3,428.732,15.3545
node,136,rx,-1,735.952,1472.21,47312870,176,0,1,3,443.554,15.3545
node,90,rx,-1,806.682,1376.97,47312870,176,1,6,3,368.566,15.3545
node,15,rx,-1,793.778,1363.16,47312870,176,1,1,3,340.882,15.3545
node,128,rx,-1,785.246,1355.91,47312870,176,1,6,3,352.219,15.3545
node,43,rx,-1,721.57,1486.66,47312870,176,0,9,3,1031.99,15.3545
node,139,rx,-1,773.242,1343.5,47312870,176,1,0,3,369.696,15.3545
node,4,rx,-1,845.176,1345.24,47312870,176,0,9,3,272.955,15.3545
node,48,rx,-1,833.655,1323.1,47312870,176,0,12,3,827.091,15.3545
node,66,rx,-1,871.99,1318.79,47312870,176,0,12,3,235.269,15.3545
node,135,rx,-1,893.027,1293.73,47312870,176,1,0,3,202.608,15.3545
node,112,rx,-1,899.136,1287.78,47312870,176,1,0,3,194.092,15.3545
node,44,rx,-1,906.287,1283.03,47312870,176,0,8,3,185.451,15.3545
node,132,rx,-1,997.076,1176.67,47312870,176,0,1,3,1929.24,15.3545
node,136,tx,-1,735.952,1472.21,47312870,176,0,1,1,443.554,15.3972
node,119,rx,-1,742.973,1458.92,47312870,176,0,5,4,428.732,15.3974
node,43,rx,-1,721.57,1486.66,47312870,176,0,9,4,1031.99,15.3974
node,77,rx,-1,763.1,1423.78,47312870,176,0,8,4,387.525,15.3974
node,15,rx,-1,793.778,1363.16,47312870,176,1,1,4,340.882,15.3974
node,128,rx,-1,785.246,1355.91,47312870,176,1,6,4,352.219,15.3974
node,139,rx,-1,773.242,1343.5,47312870,176,1,0,4,369.696,15.3974
node,95,rx,-1,951.274,1499.66,47312870,176,0,7,4,612.275,15.3974
node,16,rx,-1,982.286,1500.24,47312870,176,0,11,4,581.228,15.3974
node,58,rx,-1,1070.55,1495.27,47312870,176,0,3,4,500.963,15.3974
node,11,tx,-1,878.228,1448.1,47312870,174,1,7,1,413.676,15.4169
node,100,rx,-1,862.746,1432.39,47312870,176,1,9,3,391.613,15.4545
node,102,rx,-1,904.312,1465.88,47312870,176,1,4,3,449.716,15.4545
node,72,rx,-1,839.96,1408.92,47312870,176,1,12,3,358.895,15.4545
node,95,rx,-1,951.274,1499.66,47312870,176,0,7,3,612.275,15.4545
node,90,rx,-1,806.682,1376.97,47312870,176,1,6,3,368.566,15.4545
node,16,rx,-1,982.286,1500.24,47312870,176,0,11,3,581.228,15.4545
node,15,rx,-1,793.778,1363.16,47312870,176,1,1,3,340.882,15.4545
node,128,rx,-1,785.246,1355.91,47312870,176,1,6,3,352.219,15.4545
node,139,rx,-1,773.242,1343.5,47312870,176,1,0,3,369.696,15.4545
node,61,rx,-1,736.763,1304.81,47312870,176,0,7,3,422.964,15.4545
node,125,rx,-1,724.52,1291.82,47312870,176,0,4,3,440.81,15.4545
node,100,tx,-1,862.746,1432.39,47312870,174,1,9,1,391.613,15.6869
node,11,rx,-1,878.228,1448.1,47312870,176,1,7,3,413.676,15.6872
node,72,rx,-1,839.96,1408.92,47312870,176,1,12,3,358.895,15.6872
node,102,rx,-1,904.312,1465.88,47312870,176,1,4,3,449.716,15.6872
node,90,rx,-1,806.682,1376.97,47312870,176,1,6,3,368.566,15.6872
node,15,rx,-1,793.778,1363.16,47312870,176,1,1,3,340.882,15.6872
node,128,rx,-1,785.246,1355.91,47312870,176,1,6,3,352.219,15.6872
node,95,rx,-1,951.274,1499.66,47312870,176,0,7,3,612.275,15.6872
node,139,rx,-1,773.242,1343.5,47312870,176,1,0,3,369.696,15.6872
node,16,rx,-1,982.286,1500.24,47312870,176,0,11,3,581.228,15.6872
node,61,rx,-1,736.763,1304.81,47312870,176,0,7,3,422.964,15.6872
node,125,rx,-1,724.52,1291.82,47312870,176,0,4,3,440.81,15.6872
node,139,tx,-1,773.242,1343.5,47312870,176,1,0,1,369.696,15.705
node,117,tx,-1,1182.18,1380.78,47312870,176,0,8,1,313.801,15.75
node,68,rx,-1,1152.09,1357.98,47312870,176,0,12,3,276.493,15.7544
node,12,rx,-1,1126.53,1440.22,47312870,176,0,12,3,391.554,15.7544
node,122,rx,-1,1294.11,1308.93,47312870,176,0,3,3,673.311,15.7544
node,138,rx,-1,1081.84,1290.26,47312870,176,1,1,3,689.435,15.7544
node,58,rx,-1,1070.55,1495.27,47312870,176,0,3,3,500.963,15.7544
node,23,rx,-1,1392.49,1180.18,47312870,176,0,10,3,1080.4,15.7544
node,128,rx,-1,785.246,1355.91,47312870,176,1,6,3,352.219,15.7544
node,15,rx,-1,793.778,1363.16,47312870,176,1,1,3,340.882,15.7544
node,90,rx,-1,806.682,1376.97,47312870,176,1,6,3,368.566,15.7544
node,61,rx,-1,736.763,1304.81,47312870,176,0,7,3,422.964,15.7544
node,48,rx,-1,833.655,1323.1,47312870,176,0,12,3,827.091,15.7544
node,125,rx,-1,724.52,1291.82,47312870,176,0,4,3,440.81,15.7544
node,4,rx,-1,845.176,1345.24,47312870,176,0,9,3,272.955,15.7544
node,77,rx,-1,763.1,1423.78,47312870,176,0,8,3,387.525,15.7544
node,72,rx,-1,839.96,1408.92,47312870,176,1,12,3,358.895,15.7544
node,66,rx,-1,871.99,1318.79,47312870,176,0,12,3,235.269,15.7544
node,119,rx,-1,742.973,1458.92,47312870,176,0,5,3,428.732,15.7544
node,100,rx,-1,862.746,1432.39,47312870,176,1,9,3,391.613,15.7544
node,135,rx,-1,893.027,1293.73,47312870,176,1,0,3,202.608,15.7544
node,136,rx,-1,735.952,1472.21,47312870,176,0,1,3,443.554,15.7544
node,112,rx,-1,899.136,1287.78,47312870,176,1,0,3,194.092,15.7544
node,44,rx,-1,906.287,1283.03,47312870,176,0,8,3,185.451,15.7544
node,11,rx,-1,878.228,1448.1,47312870,176,1,7,3,413.676,15.7544
node,43,rx,-1,721.57,1486.66,47312870,176,0,9,3,1031.99,15.7544
node,102,rx,-1,904.312,1465.88,47312870,176,1,4,3,449.716,15.7544
node,43,tx,-1,721.57,1486.66,47312870,174,0,9,1,1031.99,15.8043
node,58,tx,-1,1070.55,1495.27,47312870,176,0,3,1,500.963,15.8139
node,13,tx,-1,1469.74,1472.17,47312870,176,0,0,1,671.999,15.8158
node,122,tx,-1,1294.11,1308.93,47312870,174,0,3,1,673.311,15.8354
node,89,tx,-1,1450.7,699.215,47312870,176,1,9,1,1260.83,15.8461
node,47,rx,-1,1459.34,1476.95,47312870,176,0,0,4,671.72,15.8543
node,108,rx,-1,1453.78,1471.58,47312870,176,0,0,4,679.451,15.8543
node,37,rx,-1,1321.04,1338.15,47312870,176,0,8,4,633.628,15.8543
node,122,rx,-1,1294.11,1308.93,47312870,176,0,3,4,673.311,15.8543
node,65,rx,-1,1658.39,1285.16,47312870,176,0,5,4,937.952,15.8543
node,118,rx,-1,1681.66,1262.09,47312870,176,0,5,4,970.917,15.8543
node,136,rx,-1,735.952,1472.21,47312870,176,0,1,3,443.554,15.8544
node,119,rx,-1,742.973,1458.92,47312870,176,0,5,3,428.732,15.8544
node,77,rx,-1,763.1,1423.78,47312870,176,0,8,3,387.525,15.8544
node,15,rx,-1,793.778,1363.16,47312870,176,1,1,3,340.882,15.8544
node,128,rx,-1,785.246,1355.91,47312870,176,1,6,3,352.219,15.8544
node,139,rx,-1,773.242,1343.5,47312870,176,1,0,3,369.696,15.8544
node,102,rx,-1,904.312,1465.88,47312870,176,1,4,3,449.716,15.8544
node,22,rx,-1,602.915,1340.46,47312870,176,0,8,3,1059.15,15.8544
node,48,rx,-1,833.655,1323.1,47312870,176,0,12,3,827.091,15.8544
node,95,rx,-1,951.274,1499.66,47312870,176,0,7,3,612.275,15.8544
node,16,rx,-1,982.286,1500.24,47312870,176,0,11,3,581.228,15.8544
node,58,rx,-1,1070.55,1495.27,47312870,176,0,3,3,500.963,15.8544
node,49,rx,-1,1388.7,640.789,47312870,176,0,11,4,1175.6,15.8544
node,64,rx,-1,1398.27,766.976,47312870,176,1,12,4,1355.83,15.8544
node,92,rx,-1,1383.31,781.615,47312870,176,1,9,4,1376.76,15.8544
node,84,rx,-1,1568.56,628.153,47312870,176,0,10,4,1109.94,15.8544
node,10,rx,-1,1385.76,821.792,47312870,176,0,0,4,832.117,15.8544
node,96,rx,-1,1340.97,587.461,47312870,176,0,6,4,1639.45,15.8544
node,51,rx,-1,1325.2,566.146,47312870,176,0,10,4,1611.68,15.8544
node,73,rx,-1,1325.64,837.619,47312870,176,0,11,4,1457.19,15.8544
node,94,rx,-1,1308.37,854.323,47312870,176,0,12,4,1481.21,15.8544
node,130,rx,-1,1290.53,876.173,47312870,176,0,5,4,1509.23,15.8544
node,5,rx,-1,1644.3,897.613,47312870,176,1,9,4,955.869,15.8544
node,103,rx,-1,1246.1,486.92,47312870,176,0,7,4,1497.82,15.8544
node,91,rx,-1,1651,917.28,47312870,176,1,6,4,987.991,15.8544
node,33,rx,-1,1230.51,471.399,47312870,176,0,8,4,1475.81,15.8544
node,37,rx,-1,1321.04,1338.15,47312870,176,0,8,3,633.628,15.8547
node,68,rx,-1,1152.09,1357.98,47312870,176,0,12,3,276.493,15.8547
node,108,rx,-1,1453.78,1471.58,47312870,176,0,0,3,679.451,15.8547
node,26,rx,-1,1135.69,1138.62,47312870,176,0,12,3,376.999,15.8547
node,47,rx,-1,1459.34,1476.95,47312870,176,0,0,3,671.72,15.8547
node,13,rx,-1,1469.74,1472.17,47312870,176,0,0,3,671.999,15.8547
node,29,rx,-1,1075.28,1075.75,47312870,176,0,0,3,464.403,15.8547
node,12,rx,-1,1126.53,1440.22,47312870,176,0,12,4,391.554,15.8547
node,16,rx,-1,982.286,1500.24,47312870,176,0,11,4,581.228,15.8547
node,82,rx,-1,1170.07,1488.19,47312870,176,1,12,4,517.68,15.8547
node,95,rx,-1,951.274,1499.66,47312870,176,0,7,4,612.275,15.8547
node,136,rx,-1,735.952,1472.21,47312870,176,0,1,4,443.554,15.8547
node,43,rx,-1,721.57,1486.66,47312870,176,0,9,4,1031.99,15.8547
node,68,tx,-1,1152.09,1357.98,47312870,176,0,12,1,276.493,15.8882
node,117,rx,-1,1182.18,1380.78,47312870,176,0,8,3,313.801,15.8884
node,122,rx,-1,1294.11,1308.93,47312870,176,0,3,3,673.311,15.8884
node,132,rx,-1,997.076,1176.67,47312870,176,0,1,3,1929.24,15.8884
node,102,rx,-1,904.312,1465.88,47312870,176,1,4,3,449.716,15.8884
node,64,tx,-1,1398.27,766.976,47312870,176,1,12,1,1355.83,15.9632
node,92,rx,-1,1383.31,781.615,47312870,176,1,9,4,1376.76,15.9635
node,10,rx,-1,1385.76,821.792,47312870,176,0,0,4,832.117,15.9635
node,89,rx,-1,1450.7,699.215,47312870,176,1,9,4,1260.83,15.9635
node,73,rx,-1,1325.64,837.619,47312870,176,0,11,4,1457.19,15.9635
node,94,rx,-1,1308.37,854.323,47312870,176,0,12,4,1481.21,15.9635
node,130,rx,-1,1290.53,876.173,47312870,176,0,5,4,1509.23,15.9635
node,84,rx,-1,1568.56,628.153,47312870,176,0,10,4,1109.94,15.9635
node,102,tx,-1,899.293,1469.03,47312870,176,1,6,1,443.455,16.2841
node,11,rx,-1,872.255,1442.04,47312870,176,1,8,4,405.164,16.2844
node,100,rx,-1,854.561,1424.08,47312870,176,1,11,4,379.95,16.2844
node,95,rx,-1,959.934,1499.84,47312870,176,0,8,4,603.605,16.2844
node,72,rx,-1,832.345,1401.34,47312870,176,1,10,4,348.162,16.2844
node,16,rx,-1,993.643,1500.34,47312870,176,0,11,4,569.859,16.2844
node,90,rx,-1,810.518,1384.35,47312870,176,1,8,4,360.2,16.2844
node,15,rx,-1,795.351,1364.32,47312870,176,1,1,4,338.917,16.2844
node,128,rx,-1,787.67,1358.49,47312870,176,1,3,4,348.675,16.2844
node,58,rx,-1,1070.78,1499.95,47312870,176,0,4,4,493.4,16.2844
node,43,rx,-1,724.677,1476.86,47312870,176,0,10,4,1021.68,16.2844
node,139,rx,-1,774.69,1345.03,47312870,176,1,2,4,367.589,16.2844
node,36,rx,-1,1025.64,1345.35,47312870,176,1,12,4,610.739,16.2844
node,61,rx,-1,742.783,1311.2,47312870,176,0,8,4,414.187,16.2844
node,124,rx,-1,1064.22,1307.53,47312870,176,1,7,4,664.762,16.2844
node,125,rx,-1,727.683,1295.18,47312870,176,0,4,4,436.2,16.2844
node,138,rx,-1,1080.07,1291.99,47312870,176,1,2,4,686.956,16.2844
node,117,rx,-1,1175.47,1373.08,47312870,176,0,10,4,303.54,16.2844
node,16,tx,-1,993.643,1500.34,47312870,176,0,11,1,569.859,16.301
node,95,rx,-1,959.934,1499.84,47312870,176,0,8,4,603.605,16.3545
node,58,rx,-1,1070.78,1499.95,47312870,176,0,4,4,493.4,16.3545
node,102,rx,-1,899.293,1469.03,47312870,176,1,6,4,443.455,16.3545
node,11,rx,-1,872.255,1442.04,47312870,176,1,8,4,405.164,16.3545
node,82,rx,-1,1159.01,1487.96,47312870,176,1,11,4,506.623,16.3545
node,136,rx,-1,737.983,1468.78,47312870,176,0,3,4,439.574,16.3545
node,43,rx,-1,724.677,1476.86,47312870,176,0,10,4,1021.68,16.3545
node,34,tx,-1,942.671,1323,47312870,176,1,10,1,641.797,16.4078
node,44,rx,-1,910.671,1278.83,47312870,176,0,6,3,179.273,16.4545
node,112,rx,-1,900.337,1286.79,47312870,176,1,1,3,192.537,16.4545
node,135,rx,-1,893.134,1293.62,47312870,176,1,0,3,202.459,16.4545
node,5,tx,-1,1637.22,890.275,47312870,176,1,10,1,945.675,16.5614
node,91,rx,-1,1656.42,916.591,47312870,176,1,4,5,983.639,16.5616
node,38,rx,-1,1718.32,972.829,47312870,176,0,10,5,1061.49,16.5616
node,111,rx,-1,1761.76,999.033,47312870,176,1,5,5,1118.47,16.5616
node,89,rx,-1,1440.73,693.771,47312870,176,1,10,5,1249.96,16.5616
node,83,rx,-1,1852.77,1096.02,47312870,176,1,0,5,1246.95,16.5616
node,47,tx,-1,1459.34,1476.95,47312870,176,0,0,1,671.719,16.6038
node,108,rx,-1,1453.89,1471.68,47312870,176,0,0,4,679.304,16.6544
node,13,rx,-1,1469.74,1472.17,47312870,176,0,0,4,671.999,16.6544
node,37,rx,-1,1326.59,1344.12,47312870,176,0,8,4,625.479,16.6544
node,122,rx,-1,1296.68,1311.79,47312870,176,0,3,4,669.461,16.6544
node,141,rx,-1,1289.61,1303.91,47312870,176,1,0,4,680.048,16.6544
node,65,rx,-1,1654.6,1288.91,47312870,176,0,5,4,932.617,16.6544
node,118,rx,-1,1677.56,1266.16,47312870,176,0,5,4,965.132,16.6544
node,10,tx,-1,1386.02,822.06,47312870,176,0,0,1,831.742,16.8446
node,92,rx,-1,1391.44,773.66,47312870,176,1,11,4,1365.39,16.8545
node,73,rx,-1,1334.27,829.268,47312870,176,0,12,4,1445.18,16.8545
node,64,rx,-1,1405.81,759.594,47312870,176,1,10,4,1345.28,16.8545
node,94,rx,-1,1315.87,847.074,47312870,176,0,10,4,1470.78,16.8545
node,130,rx,-1,1295.32,871.536,47312870,176,0,6,4,1502.56,16.8545
node,89,rx,-1,1440.73,693.771,47312870,176,1,10,4,1249.96,16.8545
node,103,tx,-1,1240.38,481.22,47312870,176,0,8,1,1489.74,16.9517
node,33,rx,-1,1223.24,464.17,47312870,176,0,10,5,1465.56,16.9543
node,81,rx,-1,1333.96,443.803,47312870,176,0,12,5,1443.01,16.9543
node,51,rx,-1,1316.98,557.5,47312870,176,0,11,5,1599.75,16.9543
node,2,rx,-1,1214.15,375.071,47312870,176,0,12,5,1454.32,16.9543
node,50,rx,-1,1313.82,369.488,47312870,176,0,12,5,1473.63,16.9543
node,127,rx,-1,1357.76,414.56,47312870,176,0,8,5,1410.37,16.9543
node,96,rx,-1,1337.78,579.376,47312870,176,0,9,5,1629.94,16.9543
node,20,rx,-1,1385.13,442.723,47312870,176,0,12,5,1371.38,16.9543
node,55,rx,-1,1396.77,570.128,47312870,176,0,7,5,1184.75,16.9543
node,49,rx,-1,1380.83,632.775,47312870,176,0,11,5,1164.37,16.9543
node,109,rx,-1,1480.81,540.634,47312870,176,1,10,5,1234.4,16.9543
node,89,rx,-1,1440.73,693.771,47312870,176,1,10,5,1249.96,16.9543
node,3,rx,-1,945.749,568.51,47312870,176,0,11,5,1188.26,16.9543
node,84,tx,-1,1576.93,636.759,47312870,176,0,11,1,1097.99,16.9613
node,31,rx,-1,1509.98,570.478,47312870,176,1,12,4,1192.67,16.9616
node,109,rx,-1,1480.81,540.634,47312870,176,1,10,4,1234.4,16.9616
node,89,rx,-1,1440.73,693.771,47312870,176,1,10,4,1249.96,16.9616
node,64,rx,-1,1405.81,759.594,47312870,176,1,10,4,1345.28,16.9616
node,92,rx,-1,1391.44,773.66,47312870,176,1,11,4,1365.39,16.9616
node,20,rx,-1,1385.13,442.723,47312870,176,0,12,4,1371.38,16.9616
node,73,rx,-1,1334.27,829.268,47312870,176,0,12,4,1445.18,16.9616
node,127,rx,-1,1357.76,414.56,47312870,176,0,8,4,1410.37,16.9616
node,94,rx,-1,1315.87,847.074,47312870,176,0,10,4,1470.78,16.9616
node,96,tx,-1,1337.78,579.376,47312870,176,0,9,1,1629.94,16.9748
node,51,rx,-1,1316.98,557.5,47312870,176,0,11,5,1599.75,16.975
node,126,rx,-1,1334.69,626.675,47312870,176,0,7,5,1101.84,16.975
node,55,rx,-1,1396.77,570.128,47312870,176,0,7,5,1184.75,16.975
node,49,rx,-1,1380.83,632.775,47312870,176,0,11,5,1164.37,16.975
node,81,rx,-1,1333.96,443.803,47312870,176,0,12,5,1443.01,16.975
node,103,rx,-1,1240.38,481.22,47312870,176,0,8,5,1489.74,16.975
node,20,rx,-1,1385.13,442.723,47312870,176,0,12,5,1371.38,16.975
node,109,rx,-1,1480.81,540.634,47312870,176,1,10,5,1234.4,16.975
node,89,rx,-1,1440.73,693.771,47312870,176,1,10,5,1249.96,16.975
node,33,rx,-1,1223.24,464.17,47312870,176,0,10,5,1465.56,16.975
node,127,rx,-1,1357.76,414.56,47312870,176,0,8,5,1410.37,16.975
node,50,rx,-1,1313.82,369.488,47312870,176,0,12,5,1473.63,16.975
node,2,rx,-1,1214.15,375.071,47312870,176,0,12,5,1454.32,16.975
node,82,tx,-1,1147.7,1487.72,47312870,176,1,11,1,495.309,17.017
node,22,tx,-1,595.316,1348.05,47312870,176,0,5,1,1048.4,17.0298
node,43,rx,-1,726.363,1466.4,47312870,176,0,10,4,1011.16,17.0544
node,79,rx,-1,447.184,1224.23,47312870,176,0,11,4,1107.8,17.0544
node,7,rx,-1,427.762,1194.92,47312870,176,0,12,4,1260.94,17.0544
node,114,rx,-1,404.607,1180.5,47312870,176,0,6,4,1168.83,17.0544
node,76,rx,-1,378.334,1135.01,47312870,176,0,12,4,1234.5,17.0544
node,101,rx,-1,487.678,1049.92,47312870,176,0,9,4,991.716,17.0544
node,110,rx,-1,353.275,1109.52,47312870,176,0,12,4,1270.2,17.0544
node,58,rx,-1,1075.95,1501.58,47312870,176,0,5,4,487.612,17.0546
node,16,rx,-1,1004.13,1500.33,47312870,176,0,10,4,559.364,17.0546
node,95,rx,-1,969.615,1500.04,47312870,176,0,9,4,593.913,17.0546
node,12,tx,-1,1144.57,1423.31,47312870,176,0,12,1,366.83,17.1313
node,138,tx,-1,1076.69,1295.31,47312870,176,1,4,1,682.223,17.1413
node,124,tx,-1,1056.85,1314.75,47312870,176,1,10,1,654.45,17.1452
node,124,rx,-1,1056.85,1314.75,47312870,176,1,10,3,654.45,17.1544
node,36,rx,-1,1017.96,1352.87,47312870,176,1,10,3,599.994,17.1544
node,102,rx,-1,893.802,1464.06,47312870,176,1,7,3,435.97,17.1544
node,117,rx,-1,1166.87,1364.04,47312870,176,0,12,4,291.055,17.1546
node,138,rx,-1,1076.69,1295.31,47312870,176,1,4,5,682.223,17.1548
node,36,rx,-1,1017.96,1352.87,47312870,176,1,10,5,599.994,17.1548
node,102,rx,-1,893.802,1464.06,47312870,176,1,7,5,435.97,17.1548
node,111,tx,-1,1756.68,1003.53,47312870,176,1,6,1,1111.66,17.1793
node,116,rx,-1,1739.48,1022.59,47312870,176,0,2,6,1305.04,17.1796
node,133,rx,-1,1775.12,985.336,47312870,176,0,2,6,1137.6,17.1796
node,67,rx,-1,1731.27,1030,47312870,176,0,2,6,1293.98,17.1796
node,38,rx,-1,1709.83,964.152,47312870,176,0,12,6,1049.35,17.1796
node,88,rx,-1,1800.22,959.218,47312870,176,0,11,6,1173.83,17.1796
node,99,rx,-1,1827.76,933.436,47312870,176,0,10,6,1211.57,17.1796
node,91,rx,-1,1659.98,917.722,47312870,176,1,1,6,981.893,17.1796
node,83,rx,-1,1852.75,1096.04,47312870,176,1,0,6,1246.92,17.1796
node,5,rx,-1,1629.75,882.525,47312870,176,1,10,6,934.911,17.1796
node,70,rx,-1,1628.41,1127.16,47312870,176,1,1,6,935.54,17.1796
node,8,rx,-1,1887.27,1143.27,47312870,176,0,11,6,1303.44,17.1796
node,18,rx,-1,1567.88,1189.1,47312870,176,0,2,6,848.939,17.1796
node,53,rx,-1,1969.95,1233.74,47312870,176,0,12,6,1425.95,17.1796
node,118,tx,-1,1672.51,1271.16,47312870,176,0,7,1,957.837,17.2793
node,65,rx,-1,1649.67,1293.79,47312870,176,0,6,5,925.688,17.2795
node,54,rx,-1,1816.29,1132,47312870,176,0,9,5,1158.26,17.2795
node,83,rx,-1,1852.75,1096.04,47312870,176,1,0,5,1246.92,17.2795
node,13,rx,-1,1469.74,1472.17,47312870,176,0,0,5,671.999,17.2795
node,47,rx,-1,1459.34,1476.95,47312870,176,0,0,5,671.719,17.2795
node,108,tx,-1,1453.94,1471.73,47312870,176,0,0,1,679.239,17.3009
node,47,rx,-1,1459.34,1476.95,47312870,176,0,0,4,671.719,17.3543
node,13,rx,-1,1469.74,1472.17,47312870,176,0,0,4,671.999,17.3543
node,37,rx,-1,1332.01,1349.94,47312870,176,0,7,4,617.53,17.3543
node,122,rx,-1,1300.06,1315.57,47312870,176,0,5,4,664.387,17.3543
node,141,rx,-1,1290.76,1305.19,47312870,176,1,1,4,678.325,17.3543
node,49,tx,-1,1372.25,624.046,47312870,176,0,12,1,1152.03,17.4384
node,126,rx,-1,1327.73,633.456,47312870,176,0,9,5,1092.12,17.4543
node,55,rx,-1,1390.9,575.869,47312870,176,0,8,5,1176.54,17.4543
node,96,rx,-1,1330.72,571.948,47312870,176,0,10,5,1619.69,17.4543
node,89,rx,-1,1433.71,686.616,47312870,176,1,10,5,1239.83,17.4543
node,51,rx,-1,1308.83,548.927,47312870,176,0,11,5,1587.92,17.4543
node,20,rx,-1,1393.46,451.253,47312870,176,0,11,5,1359.46,17.4543
node,81,rx,-1,1341.4,436.202,47312870,176,0,10,5,1432.38,17.4543
node,103,rx,-1,1234.49,475.365,47312870,176,0,8,5,1481.44,17.4543
node,127,rx,-1,1364.28,421.464,47312870,176,0,9,5,1401.18,17.4543
node,33,rx,-1,1215.79,456.75,47312870,176,0,10,5,1455.04,17.4543
node,50,rx,-1,1321.75,377.511,47312870,176,0,11,5,1462.35,17.4543
node,2,rx,-1,1205.97,383.025,47312870,176,0,11,5,1442.91,17.4543
node,101,tx,-1,487.678,1049.92,47312870,176,0,9,1,991.716,17.8005
node,36,tx,-1,1017.96,1352.87,47312870,176,1,10,1,599.994,17.8163
node,17,rx,-1,460.777,1023.89,47312870,176,0,11,5,954.281,17.8544
node,22,rx,-1,595.316,1348.05,47312870,176,0,5,5,1048.4,17.8544
node,124,rx,-1,1056.85,1314.75,47312870,176,1,10,5,654.45,17.8544
node,138,rx,-1,1076.69,1295.31,47312870,176,1,4,5,682.223,17.8544
node,102,rx,-1,893.802,1464.06,47312870,176,1,7,5,435.97,17.8544
node,18,tx,-1,1567.88,1189.1,47312870,176,0,2,1,848.939,17.9662
node,87,rx,-1,1556.1,1187.33,47312870,176,0,11,7,850.197,17.9664
node,97,rx,-1,1530.71,1161.37,47312870,176,0,10,7,886.515,17.9664
node,70,rx,-1,1628.41,1127.16,47312870,176,1,1,7,935.54,17.9664
node,65,rx,-1,1649.67,1293.79,47312870,176,0,6,7,925.688,17.9664
node,67,rx,-1,1731.27,1030,47312870,176,0,2,7,1293.98,17.9664
node,116,rx,-1,1739.48,1022.59,47312870,176,0,2,7,1305.04,17.9664
node,111,rx,-1,1756.68,1003.53,47312870,176,1,6,7,1111.66,17.9664
node,133,rx,-1,1775.12,985.336,47312870,176,0,2,7,1137.6,17.9664
node,122,rx,-1,1300.06,1315.57,47312870,176,0,5,7,664.387,17.9664
node,88,rx,-1,1800.22,959.218,47312870,176,0,11,7,1173.83,17.9664
node,88,tx,-1,1791.96,967.814,47312870,176,0,11,1,1161.91,18.1063
node,79,tx,-1,455.454,1232.58,47312870,176,0,11,1,1096.05,18.1315
node,7,rx,-1,419.104,1185.99,47312870,176,0,12,5,1248.5,18.1543
node,114,rx,-1,409.242,1185.29,47312870,176,0,6,5,1162.16,18.1543
node,86,rx,-1,431.128,1296.1,47312870,176,1,8,5,991.208,18.1543
node,76,rx,-1,387.093,1144.25,47312870,176,0,12,5,1221.67,18.1543
node,110,rx,-1,361.755,1118.14,47312870,176,0,12,5,1258.12,18.1543
node,22,rx,-1,589.113,1352.1,47312870,176,0,7,5,1040.96,18.1543
node,62,rx,-1,305.443,1060.66,47312870,176,0,11,5,1016.71,18.1543
node,25,rx,-1,227.289,1089.03,47312870,176,0,12,5,1239.43,18.1543
node,45,rx,-1,227.276,967.538,47312870,176,1,10,5,1137.84,18.1543
node,133,rx,-1,1772.46,988.099,47312870,176,0,3,7,1133.76,18.1544
node,99,rx,-1,1818.74,941.651,47312870,176,0,12,7,1199.37,18.1544
node,111,rx,-1,1750.61,1001.03,47312870,176,1,7,7,1104.23,18.1544
node,116,rx,-1,1737.53,1024.35,47312870,176,0,2,7,1302.42,18.1544
node,67,rx,-1,1729.87,1031.26,47312870,176,0,1,7,1292.1,18.1544
node,70,rx,-1,1628.19,1127.39,47312870,176,1,0,7,935.223,18.1544
node,18,rx,-1,1567.72,1189.27,47312870,176,0,0,7,848.7,18.1544
node,87,rx,-1,1560.76,1196.23,47312870,176,0,11,7,838.859,18.1544
node,23,tx,-1,1419.3,1153.87,47312870,176,0,12,1,1042.84,18.1894
node,131,rx,-1,1376.95,1198.02,47312870,176,0,3,4,1104.8,18.1897
node,91,rx,-1,1661.35,915.806,47312870,176,1,2,4,1508.79,18.1897
node,91,tx,-1,1661.35,915.806,47312870,176,1,2,1,1508.79,18.2232
node,5,rx,-1,1622.38,874.874,47312870,176,1,10,5,924.284,18.2545
node,38,rx,-1,1701.64,955.783,47312870,176,0,11,5,1037.64,18.2545
node,106,rx,-1,1731.29,838.492,47312870,176,1,12,5,1403.19,18.2545
node,111,rx,-1,1750.61,1001.03,47312870,176,1,7,5,1104.23,18.2545
node,39,rx,-1,1752.52,817.654,47312870,176,0,11,5,1373.44,18.2545
node,83,rx,-1,1852.72,1096.06,47312870,176,1,0,5,1246.89,18.2545
node,8,rx,-1,1879.54,1135.12,47312870,176,0,11,5,1292.2,18.2545
node,89,rx,-1,1426.12,678.893,47312870,176,1,10,5,1229.01,18.2545
node,23,rx,-1,1419.3,1153.87,47312870,176,0,12,5,1042.84,18.2545
node,55,tx,-1,1384.05,582.567,47312870,176,0,9,1,1166.96,18.2772
node,49,rx,-1,1364.29,615.932,47312870,176,0,11,6,1140.67,18.2774
node,96,rx,-1,1322.91,563.737,47312870,176,0,11,6,1608.36,18.2774
node,126,rx,-1,1320.45,640.55,47312870,176,0,10,6,1081.96,18.2774
node,51,rx,-1,1300.82,540.498,47312870,176,0,11,6,1576.29,18.2774
node,20,rx,-1,1402.17,460.166,47312870,176,0,12,6,1347,18.2774
node,75,rx,-1,1289.02,675.785,47312870,176,0,10,6,1034.86,18.2774
node,127,rx,-1,1371.71,429.008,47312870,176,0,10,6,1390.59,18.2774
node,81,rx,-1,1348.46,429.337,47312870,176,0,9,6,1422.49,18.2774
node,103,rx,-1,1227.69,468.591,47312870,176,0,9,6,1471.83,18.2774
node,50,rx,-1,1329.59,385.45,47312870,176,0,11,6,1451.2,18.2774
node,33,rx,-1,1207.84,448.847,47312870,176,0,11,6,1443.84,18.2774
node,2,rx,-1,1197.38,391.368,47312870,176,0,11,6,1430.94,18.2774
node,71,rx,-1,1187.67,769.778,47312870,176,0,10,6,896.671,18.2774
node,38,tx,-1,1701.64,955.783,47312870,176,0,11,1,1037.64,18.2866
node,91,rx,-1,1661.35,915.806,47312870,176,1,2,6,1508.79,18.2869
node,111,rx,-1,1750.61,1001.03,47312870,176,1,7,6,1104.23,18.2869
node,5,rx,-1,1622.38,874.874,47312870,176,1,10,6,924.284,18.2869
node,83,rx,-1,1852.72,1096.06,47312870,176,1,0,6,1246.89,18.2869
node,8,rx,-1,1879.54,1135.12,47312870,176,0,11,6,1292.2,18.2869
node,33,tx,-1,1207.84,448.847,47312870,176,0,11,1,1443.84,18.3164
node,141,tx,-1,1291.92,1306.49,47312870,176,1,1,1,676.583,18.3412
node,103,rx,-1,1227.69,468.591,47312870,176,0,9,5,1471.83,18.3544
node,2,rx,-1,1197.38,391.368,47312870,176,0,11,5,1430.94,18.3544
node,51,rx,-1,1300.82,540.498,47312870,176,0,11,5,1576.29,18.3544
node,50,rx,-1,1329.59,385.45,47312870,176,0,11,5,1451.2,18.3544
node,81,rx,-1,1348.46,429.337,47312870,176,0,9,5,1422.49,18.3544
node,96,rx,-1,1322.91,563.737,47312870,176,0,11,5,1608.36,18.3544
node,127,rx,-1,1371.71,429.008,47312870,176,0,10,5,1390.59,18.3544
node,20,rx,-1,1402.17,460.166,47312870,176,0,12,5,1347,18.3544
node,55,rx,-1,1384.05,582.567,47312870,176,0,9,5,1166.96,18.3544
node,49,rx,-1,1364.29,615.932,47312870,176,0,11,5,1140.67,18.3544
node,3,rx,-1,964.46,582.182,47312870,176,0,12,5,1165.31,18.3544
node,89,rx,-1,1426.12,678.893,47312870,176,1,10,5,1229.01,18.3544
node,122,rx,-1,1303.59,1319.4,47312870,176,0,5,5,659.247,18.3545
node,37,rx,-1,1338.75,1357.19,47312870,176,0,9,5,607.625,18.3545
node,117,rx,-1,1155.8,1357.11,47312870,176,0,12,5,278.404,18.3545
node,26,rx,-1,1159.06,1162.81,47312870,176,0,11,5,343.36,18.3545
node,108,rx,-1,1453.94,1471.73,47312870,176,0,0,5,679.23,18.3545
node,47,rx,-1,1459.34,1476.95,47312870,176,0,0,5,671.719,18.3545
node,13,rx,-1,1469.74,1472.17,47312870,176,0,0,5,671.999,18.3545
node,87,rx,-1,1560.76,1196.23,47312870,176,0,11,5,838.859,18.3545
node,29,rx,-1,1075.28,1075.75,47312870,176,0,0,5,464.4,18.3545
node,109,tx,-1,1495.76,555.93,47312870,176,1,10,1,1213.01,18.3632
node,31,rx,-1,1525.74,586.591,47312870,176,1,11,6,1170.13,18.3635
node,20,rx,-1,1402.17,460.166,47312870,176,0,12,6,1347,18.3635
node,84,rx,-1,1591.91,652.282,47312870,176,0,11,6,1076.38,18.3635
node,127,rx,-1,1371.71,429.008,47312870,176,0,10,6,1390.59,18.3635
node,81,rx,-1,1348.46,429.337,47312870,176,0,9,6,1422.49,18.3635
node,50,rx,-1,1329.59,385.45,47312870,176,0,11,6,1451.2,18.3635
node,2,rx,-1,1197.38,391.368,47312870,176,0,11,6,1430.94,18.3635
node,53,tx,-1,1961.49,1225.15,47312870,176,0,12,1,1413.89,18.3824
node,114,tx,-1,409.242,1185.29,47312870,176,0,6,1,1162.16,18.3826
node,52,rx,-1,1917.1,1220.62,47312870,176,1,11,7,1406.63,18.3827
node,8,rx,-1,1879.54,1135.12,47312870,176,0,11,7,1292.2,18.3827
node,83,rx,-1,1852.72,1096.06,47312870,176,1,0,7,1246.89,18.3827
node,111,rx,-1,1750.61,1001.03,47312870,176,1,7,7,1104.23,18.3827
node,7,rx,-1,419.104,1185.99,47312870,176,0,12,5,1248.5,18.3829
node,76,rx,-1,387.093,1144.25,47312870,176,0,12,5,1221.67,18.3829
node,79,rx,-1,455.454,1232.58,47312870,176,0,11,5,1096.05,18.3829
node,110,rx,-1,361.755,1118.14,47312870,176,0,12,5,1258.12,18.3829
node,62,rx,-1,305.443,1060.66,47312870,176,0,11,5,1016.71,18.3829
node,25,rx,-1,227.289,1089.03,47312870,176,0,12,5,1239.43,18.3829
node,22,rx,-1,589.113,1352.1,47312870,176,0,7,5,1040.96,18.3829
node,45,rx,-1,227.276,967.538,47312870,176,1,10,5,1137.84,18.3829
node,31,tx,-1,1525.74,586.591,47312870,176,1,11,1,1170.13,18.4095
node,83,tx,-1,1852.72,1096.06,47312870,176,1,0,1,1246.89,18.4205
node,2,tx,-1,1197.38,391.368,47312870,176,0,11,1,1430.94,18.4379
node,109,rx,-1,1495.76,555.93,47312870,176,1,10,5,1213.01,18.4545
node,84,rx,-1,1591.91,652.282,47312870,176,0,11,5,1076.38,18.4545
node,39,rx,-1,1752.52,817.654,47312870,176,0,11,5,1373.44,18.4545
node,8,rx,-1,1879.54,1135.12,47312870,176,0,11,6,1292.2,18.4545
node,54,rx,-1,1809.2,1138.98,47312870,176,0,9,6,1148.31,18.4545
node,111,rx,-1,1750.61,1001.03,47312870,176,1,7,6,1104.23,18.4545
node,53,rx,-1,1961.49,1225.15,47312870,176,0,12,6,1413.89,18.4545
node,38,rx,-1,1701.64,955.783,47312870,176,0,11,6,1037.64,18.4545
node,118,rx,-1,1665.52,1278.09,47312870,176,0,9,6,947.99,18.4545
node,91,rx,-1,1661.35,915.806,47312870,176,1,2,6,1508.79,18.4545
node,65,rx,-1,1644.47,1298.93,47312870,176,0,7,6,918.376,18.4545
node,5,rx,-1,1622.38,874.874,47312870,176,1,10,6,924.284,18.4545
node,33,rx,-1,1207.84,448.847,47312870,176,0,11,6,1443.84,18.4546
node,103,rx,-1,1227.69,468.591,47312870,176,0,9,6,1471.83,18.4546
node,51,rx,-1,1300.82,540.498,47312870,176,0,11,6,1576.29,18.4546
node,96,rx,-1,1322.91,563.737,47312870,176,0,11,6,1608.36,18.4546
node,55,rx,-1,1384.05,582.567,47312870,176,0,9,6,1166.96,18.4546
node,49,rx,-1,1364.29,615.932,47312870,176,0,11,6,1140.67,18.4546
node,3,rx,-1,964.46,582.182,47312870,176,0,12,6,1165.31,18.4546
node,142,rx,-1,974.055,601.737,47312870,176,0,0,6,1123.98,18.4546
node,134,rx,-1,966.621,609.58,47312870,176,0,3,6,1113.18,18.4546
node,51,tx,-1,1300.82,540.498,47312870,176,0,11,1,1576.29,18.6061
node,96,rx,-1,1322.91,563.737,47312870,176,0,11,5,1608.36,18.6545
node,55,rx,-1,1384.05,582.567,47312870,176,0,9,5,1166.96,18.6545
node,49,rx,-1,1364.29,615.932,47312870,176,0,11,5,1140.67,18.6545
node,103,rx,-1,1227.69,468.591,47312870,176,0,9,5,1471.83,18.6545
node,81,rx,-1,1348.46,429.337,47312870,176,0,9,5,1422.49,18.6545
node,20,rx,-1,1402.17,460.166,47312870,176,0,12,5,1347,18.6545
node,33,rx,-1,1207.84,448.847,47312870,176,0,11,5,1443.84,18.6545
node,127,rx,-1,1371.71,429.008,47312870,176,0,10,5,1390.59,18.6545
node,50,rx,-1,1329.59,385.45,47312870,176,0,11,5,1451.2,18.6545
node,2,rx,-1,1197.38,391.368,47312870,176,0,11,5,1430.94,18.6545
node,89,rx,-1,1426.12,678.893,47312870,176,1,10,5,1229.01,18.6545
node,20,tx,-1,1402.17,460.166,47312870,176,0,12,1,1347,18.757
node,127,rx,-1,1371.71,429.008,47312870,176,0,10,6,1390.59,18.7572
node,81,rx,-1,1348.46,429.337,47312870,176,0,9,6,1422.49,18.7572
node,50,rx,-1,1329.59,385.45,47312870,176,0,11,6,1451.2,18.7572
node,55,rx,-1,1384.05,582.567,47312870,176,0,9,6,1166.96,18.7572
node,51,rx,-1,1300.82,540.498,47312870,176,0,11,6,1576.29,18.7572
node,96,rx,-1,1322.91,563.737,47312870,176,0,11,6,1608.36,18.7572
node,109,rx,-1,1495.76,555.93,47312870,176,1,10,6,1213.01,18.7572
node,49,rx,-1,1364.29,615.932,47312870,176,0,11,6,1140.67,18.7572
node,103,rx,-1,1227.69,468.591,47312870,176,0,9,6,1471.83,18.7572
node,31,rx,-1,1525.74,586.591,47312870,176,1,11,6,1170.13,18.7572
node,33,rx,-1,1207.84,448.847,47312870,176,0,11,6,1443.84,18.7572
node,2,rx,-1,1197.38,391.368,47312870,176,0,11,6,1430.94,18.7572
node,84,rx,-1,1591.91,652.282,47312870,176,0,11,6,1076.38,18.7572
node,54,tx,-1,1809.2,1138.98,47312870,176,0,9,1,1148.31,18.7818
node,83,rx,-1,1852.72,1096.06,47312870,176,1,0,6,1246.89,18.782
node,118,rx,-1,1665.52,1278.09,47312870,176,0,9,6,947.99,18.782
node,65,rx,-1,1644.47,1298.93,47312870,176,0,7,6,918.376,18.782
node,65,tx,-1,1644.47,1298.93,47312870,176,0,7,1,918.376,18.7957
node,118,rx,-1,1665.52,1278.09,47312870,176,0,9,5,947.99,18.796
node,54,rx,-1,1809.2,1138.98,47312870,176,0,9,5,1148.31,18.796
node,13,rx,-1,1469.74,1472.17,47312870,176,0,0,5,671.999,18.796
node,47,rx,-1,1459.34,1476.95,47312870,176,0,0,5,671.719,18.796
node,83,rx,-1,1852.72,1096.06,47312870,176,1,0,5,1246.89,18.796
node,126,tx,-1,1320.45,640.55,47312870,176,0,10,1,1081.96,18.8631
node,75,rx,-1,1289.02,675.785,47312870,176,0,10,6,1034.86,18.8633
node,49,rx,-1,1364.29,615.932,47312870,176,0,11,6,1140.67,18.8633
node,55,rx,-1,1384.05,582.567,47312870,176,0,9,6,1166.96,18.8633
node,71,rx,-1,1187.67,769.778,47312870,176,0,10,6,896.671,18.8633
node,8,tx,-1,1879.54,1135.12,47312870,176,0,11,1,1292.2,18.9514
node,83,rx,-1,1852.72,1096.06,47312870,176,1,0,7,1246.89,18.9544
node,53,rx,-1,1961.49,1225.15,47312870,176,0,12,7,1413.89,18.9544
node,111,rx,-1,1750.61,1001.03,47312870,176,1,7,7,1104.23,18.9544
node,38,rx,-1,1701.64,955.783,47312870,176,0,11,7,1037.64,18.9544
node,91,rx,-1,1661.35,915.806,47312870,176,1,2,7,1508.79,18.9544
node,133,tx,-1,1768.39,992.26,47312870,176,0,5,1,1127.95,19.006
node,71,tx,-1,1179.57,777.66,47312870,176,0,11,1,885.372,19.0084
node,111,rx,-1,1744.51,994.823,47312870,176,1,8,7,1095.53,19.0544
node,88,rx,-1,1785.22,974.832,47312870,176,0,9,7,1152.18,19.0544
node,116,rx,-1,1736.26,1025.5,47312870,176,0,1,7,1300.7,19.0544
node,67,rx,-1,1728.9,1032.13,47312870,176,0,1,7,1290.8,19.0544
node,99,rx,-1,1809.62,949.954,47312870,176,0,12,7,1187.04,19.0544
node,38,rx,-1,1692.7,946.628,47312870,176,0,12,7,1024.85,19.0544
node,70,rx,-1,1627.06,1128.55,47312870,176,1,1,7,933.607,19.0544
node,18,rx,-1,1566.34,1190.68,47312870,176,0,1,7,846.734,19.0544
node,87,rx,-1,1552.35,1204.58,47312870,176,0,11,7,827.005,19.0544
node,75,rx,-1,1280.8,683.795,47312870,176,0,11,7,1023.38,19.0544
node,126,rx,-1,1312.46,648.333,47312870,176,0,11,7,1070.8,19.0544
node,49,rx,-1,1356.29,610.597,47312870,176,0,10,7,1129.91,19.0544
node,55,rx,-1,1377.85,588.664,47312870,176,0,8,7,1158.25,19.0544
node,70,tx,-1,1627.06,1128.55,47312870,176,1,1,1,933.607,19.0781
node,18,rx,-1,1566.34,1190.68,47312870,176,0,1,7,846.734,19.0783
node,87,rx,-1,1552.35,1204.58,47312870,176,0,11,7,827.005,19.0783
node,67,rx,-1,1728.9,1032.13,47312870,176,0,1,7,1290.8,19.0783
node,116,rx,-1,1736.26,1025.5,47312870,176,0,1,7,1300.7,19.0783
node,133,rx,-1,1768.39,992.26,47312870,176,0,5,7,1127.95,19.0783
node,88,rx,-1,1785.22,974.832,47312870,176,0,9,7,1152.18,19.0783
node,99,rx,-1,1809.62,949.954,47312870,176,0,12,7,1187.04,19.0783
node,99,tx,-1,1809.62,949.954,47312870,176,0,12,1,1187.04,19.0789
node,88,rx,-1,1785.22,974.832,47312870,176,0,9,7,1152.18,19.0791
node,133,rx,-1,1768.39,992.26,47312870,176,0,5,7,1127.95,19.0791
node,116,rx,-1,1736.26,1025.5,47312870,176,0,1,7,1300.7,19.0791
node,67,rx,-1,1728.9,1032.13,47312870,176,0,1,7,1290.8,19.0791
node,70,rx,-1,1627.06,1128.55,47312870,176,1,1,7,933.607,19.0791
node,18,rx,-1,1566.34,1190.68,47312870,176,0,1,7,846.734,19.0791
node,62,tx,-1,313.178,1068.37,47312870,176,0,11,1,1327.62,19.0805
node,121,rx,-1,364.552,1016.67,47312870,176,0,11,6,945.815,19.0808
node,110,rx,-1,370.581,1127.12,47312870,176,0,12,6,1245.54,19.0808
node,25,rx,-1,235.001,1098.75,47312870,176,0,12,6,1227.02,19.0808
node,30,rx,-1,394.431,988.277,47312870,176,0,10,6,904.598,19.0808
node,76,rx,-1,395.196,1152.8,47312870,176,0,11,6,1209.9,19.0808
node,45,rx,-1,235.954,976.359,47312870,176,1,12,6,1125.46,19.0808
node,7,rx,-1,411.35,1177.98,47312870,176,0,11,6,1237.35,19.0808
node,114,rx,-1,414.553,1190.77,47312870,176,0,7,6,1154.53,19.0808
node,79,rx,-1,463.887,1241.09,47312870,176,0,11,6,1084.06,19.0808
node,110,tx,-1,370.581,1127.12,47312870,176,0,12,1,1245.54,19.1459
node,76,rx,-1,395.196,1152.8,47312870,176,0,11,5,1209.9,19.1545
node,7,rx,-1,411.35,1177.98,47312870,176,0,11,5,1237.35,19.1545
node,114,rx,-1,414.553,1190.77,47312870,176,0,7,5,1154.53,19.1545
node,62,rx,-1,313.178,1068.37,47312870,176,0,11,5,1327.62,19.1545
node,25,rx,-1,235.001,1098.75,47312870,176,0,12,5,1227.02,19.1545
node,79,rx,-1,463.887,1241.09,47312870,176,0,11,5,1084.06,19.1545
node,45,rx,-1,235.954,976.359,47312870,176,1,12,5,1125.46,19.1545
node,22,rx,-1,580.701,1355.16,47312870,176,0,8,5,1031.99,19.1545
node,50,tx,-1,1337.99,393.958,47312870,176,0,11,1,1439.25,19.2189
node,81,rx,-1,1353.53,424.401,47312870,176,0,7,6,1415.41,19.2543
node,127,rx,-1,1379.24,436.686,47312870,176,0,10,6,1379.82,19.2543
node,20,rx,-1,1410.06,468.248,47312870,176,0,11,6,1335.7,19.2543
node,103,rx,-1,1220.51,461.455,47312870,176,0,10,6,1461.72,19.2543
node,51,rx,-1,1293.5,532.795,47312870,176,0,10,6,1565.66,19.2543
node,33,rx,-1,1198.65,439.7,47312870,176,0,12,6,1430.87,19.2543
node,2,rx,-1,1188.76,399.84,47312870,176,0,12,6,1418.86,19.2543
node,96,rx,-1,1316.19,556.668,47312870,176,0,9,6,1598.61,19.2543
node,55,rx,-1,1377.85,588.664,47312870,176,0,8,6,1158.25,19.2543
node,49,rx,-1,1356.29,610.597,47312870,176,0,10,6,1129.91,19.2543
node,109,rx,-1,1503.09,563.431,47312870,176,1,10,6,1202.52,19.2543
node,31,rx,-1,1534.48,595.53,47312870,176,1,12,6,1157.64,19.2543
node,131,tx,-1,1378.2,1194.2,47312870,176,0,4,1,1100.42,19.3453
node,23,rx,-1,1428.17,1145.17,47312870,176,0,12,5,1030.41,19.3545
node,32,rx,-1,1286.19,1104.16,47312870,176,0,9,5,452.26,19.3545
node,12,rx,-1,1162.39,1406.6,47312870,176,0,12,5,342.403,19.3545
node,81,tx,-1,1353.53,424.401,47312870,176,0,7,1,1415.41,19.3926
node,127,rx,-1,1379.24,436.686,47312870,176,0,10,6,1379.82,19.3929
node,50,rx,-1,1337.99,393.958,47312870,176,0,11,6,1439.25,19.3929
node,20,rx,-1,1410.06,468.248,47312870,176,0,11,6,1335.7,19.3929
node,51,rx,-1,1293.5,532.795,47312870,176,0,10,6,1565.66,19.3929
node,96,rx,-1,1316.19,556.668,47312870,176,0,9,6,1598.61,19.3929
node,103,rx,-1,1220.51,461.455,47312870,176,0,10,6,1461.72,19.3929
node,33,rx,-1,1198.65,439.7,47312870,176,0,12,6,1430.87,19.3929
node,55,rx,-1,1377.85,588.664,47312870,176,0,8,6,1158.25,19.3929
node,2,rx,-1,1188.76,399.84,47312870,176,0,12,6,1418.86,19.3929
node,49,rx,-1,1356.29,610.597,47312870,176,0,10,6,1129.91,19.3929
node,109,rx,-1,1503.09,563.431,47312870,176,1,10,6,1202.52,19.3929
node,31,rx,-1,1534.48,595.53,47312870,176,1,12,6,1157.64,19.3929
node,84,rx,-1,1599.71,660.341,47312870,176,0,11,6,1065.17,19.3929
node,3,tx,-1,971.335,588.923,47312870,176,0,9,1,1155.69,19.4021
node,76,tx,-1,395.196,1152.8,47312870,176,0,11,1,1209.9,19.447
node,142,rx,-1,972.567,603.307,47312870,176,0,2,6,1121.82,19.4545
node,134,rx,-1,964.296,612.032,47312870,176,0,3,6,1109.8,19.4545
node,33,rx,-1,1198.65,439.7,47312870,176,0,12,6,1430.87,19.4545
node,103,rx,-1,1220.51,461.455,47312870,176,0,10,6,1461.72,19.4545
node,2,rx,-1,1188.76,399.84,47312870,176,0,12,6,1418.86,19.4545
node,7,rx,-1,411.35,1177.98,47312870,176,0,11,5,1237.35,19.4546
node,110,rx,-1,370.581,1127.12,47312870,176,0,12,5,1245.54,19.4546
node,114,rx,-1,414.553,1190.77,47312870,176,0,7,5,1154.53,19.4546
node,79,rx,-1,463.887,1241.09,47312870,176,0,11,5,1084.06,19.4546
node,62,rx,-1,313.178,1068.37,47312870,176,0,11,5,1327.62,19.4546
node,25,rx,-1,235.001,1098.75,47312870,176,0,12,5,1227.02,19.4546
node,45,rx,-1,235.954,976.359,47312870,176,1,12,5,1125.46,19.4546
node,22,rx,-1,580.701,1355.16,47312870,176,0,8,5,1031.99,19.4546
node,7,tx,-1,411.35,1177.98,47312870,176,0,11,1,1237.35,19.5683
node,114,rx,-1,414.553,1190.77,47312870,176,0,7,5,1154.53,19.5685
node,76,rx,-1,395.196,1152.8,47312870,176,0,11,5,1209.9,19.5685
node,110,rx,-1,370.581,1127.12,47312870,176,0,12,5,1245.54,19.5685
node,79,rx,-1,463.887,1241.09,47312870,176,0,11,5,1084.06,19.5685
node,62,rx,-1,313.178,1068.37,47312870,176,0,11,5,1327.62,19.5685
node,25,rx,-1,235.001,1098.75,47312870,176,0,12,5,1227.02,19.5685
node,22,rx,-1,580.701,1355.16,47312870,176,0,8,5,1031.99,19.5685
node,45,rx,-1,235.954,976.359,47312870,176,1,12,5,1125.46,19.5685
node,87,tx,-1,1552.35,1204.58,47312870,176,0,11,1,827.005,19.6144
node,18,rx,-1,1566.34,1190.68,47312870,176,0,1,8,846.734,19.6544
node,97,rx,-1,1546.64,1177.67,47312870,176,0,11,8,863.714,19.6544
node,27,rx,-1,1516.01,1146.35,47312870,176,0,12,8,907.527,19.6544
node,70,rx,-1,1627.06,1128.55,47312870,176,1,1,8,933.607,19.6544
node,118,rx,-1,1659.9,1283.67,47312870,176,0,7,8,940.075,19.6544
node,67,rx,-1,1728.9,1032.13,47312870,176,0,1,8,1290.8,19.6544
node,116,rx,-1,1736.26,1025.5,47312870,176,0,1,8,1300.7,19.6544
node,122,rx,-1,1307.55,1323.65,47312870,176,0,5,8,653.436,19.6544
node,141,rx,-1,1294.12,1308.94,47312870,176,1,3,8,673.289,19.6544
node,133,rx,-1,1768.39,992.26,47312870,176,0,5,8,1127.95,19.6544
node,88,rx,-1,1785.22,974.832,47312870,176,0,9,8,1152.18,19.6544
node,134,tx,-1,964.296,612.032,47312870,176,0,3,1,1109.8,19.6863
node,142,rx,-1,972.567,603.307,47312870,176,0,2,7,1121.82,19.6866
node,3,rx,-1,971.335,588.923,47312870,176,0,9,7,1155.69,19.6866
node,104,rx,-1,930.924,645.128,47312870,176,0,11,7,1062.64,19.6866
node,24,rx,-1,899.195,690.113,47312870,176,0,12,7,1008.52,19.6866
node,33,rx,-1,1198.65,439.7,47312870,176,0,12,7,1430.87,19.6866
node,2,rx,-1,1188.76,399.84,47312870,176,0,12,7,1418.86,19.6866
node,52,tx,-1,1925.89,1211.85,47312870,176,1,12,1,1394.12,19.7359
node,53,rx,-1,1952.62,1216.25,47312870,176,0,12,8,1401.33,19.7546
node,59,rx,-1,1896.03,1241.66,47312870,176,0,9,8,1436.42,19.7546
node,8,rx,-1,1871.18,1126.31,47312870,176,0,12,8,1280.06,19.7546
node,83,rx,-1,1852.67,1096.1,47312870,176,1,0,8,1246.82,19.7546
node,74,rx,-1,1825.05,1311.4,47312870,176,0,11,8,1317.14,19.7546
node,127,tx,-1,1379.24,436.686,47312870,176,0,10,1,1379.82,19.8407
node,81,rx,-1,1353.53,424.401,47312870,176,0,7,6,1415.41,19.8543
node,20,rx,-1,1410.06,468.248,47312870,176,0,11,6,1335.7,19.8543
node,50,rx,-1,1337.99,393.958,47312870,176,0,11,6,1439.25,19.8543
node,51,rx,-1,1293.5,532.795,47312870,176,0,10,6,1565.66,19.8543
node,96,rx,-1,1316.19,556.668,47312870,176,0,9,6,1598.61,19.8543
node,55,rx,-1,1377.85,588.664,47312870,176,0,8,6,1158.25,19.8543
node,103,rx,-1,1220.51,461.455,47312870,176,0,10,6,1461.72,19.8543
node,49,rx,-1,1356.29,610.597,47312870,176,0,10,6,1129.91,19.8543
node,109,rx,-1,1503.09,563.431,47312870,176,1,10,6,1202.52,19.8543
node,33,rx,-1,1198.65,439.7,47312870,176,0,12,6,1430.87,19.8543
node,2,rx,-1,1188.76,399.84,47312870,176,0,12,6,1418.86,19.8543
node,31,rx,-1,1534.48,595.53,47312870,176,1,12,6,1157.64,19.8543
node,84,rx,-1,1599.71,660.341,47312870,176,0,11,6,1065.17,19.8543
node,86,tx,-1,424.415,1300.06,47312870,176,1,7,1,983.409,19.8708
node,79,rx,-1,463.887,1241.09,47312870,176,0,11,6,1084.06,19.8711
node,60,rx,-1,335.866,1354.67,47312870,176,0,5,6,1125.8,19.8711
node,97,tx,-1,1546.64,1177.67,47312870,176,0,11,1,863.714,19.987
node,18,rx,-1,1566.34,1190.68,47312870,176,0,1,8,846.734,19.9872
node,87,rx,-1,1552.35,1204.58,47312870,176,0,11,8,827.005,19.9872
node,27,rx,-1,1516.01,1146.35,47312870,176,0,12,8,907.527,19.9872
node,118,rx,-1,1659.9,1283.67,47312870,176,0,7,8,940.075,19.9872
node,67,tx,-1,1728.18,1032.79,47312870,176,0,0,1,1289.82,20.0276
node,116,tx,-1,1735,1026.63,47312870,176,0,1,1,1299,20.0507
node,67,rx,-1,1728.18,1032.79,47312870,176,0,0,7,1289.82,20.0543
node,111,rx,-1,1734.57,989.417,47312870,176,1,10,7,1084.71,20.0543
node,133,rx,-1,1763.72,997.026,47312870,176,0,6,7,1121.28,20.0543
node,88,rx,-1,1778.11,982.229,47312870,176,0,10,7,1141.92,20.0543
node,99,rx,-1,1801,958.408,47312870,176,0,12,7,1174.96,20.0543
node,70,rx,-1,1625.29,1130.36,47312870,176,1,2,7,931.065,20.0543
node,18,rx,-1,1565.35,1191.7,47312870,176,0,1,7,845.313,20.0543
node,87,rx,-1,1543.64,1213.34,47312870,176,0,12,7,814.647,20.0543
node,116,rx,-1,1735,1026.63,47312870,176,0,1,7,1299,20.0546
node,111,rx,-1,1734.57,989.417,47312870,176,1,10,7,1084.71,20.0546
node,133,rx,-1,1763.72,997.026,47312870,176,0,6,7,1121.28,20.0546
node,88,rx,-1,1778.11,982.229,47312870,176,0,10,7,1141.92,20.0546
node,99,rx,-1,1801,958.408,47312870,176,0,12,7,1174.96,20.0546
node,70,rx,-1,1625.29,1130.36,47312870,176,1,2,7,931.065,20.0546
node,18,rx,-1,1565.35,1191.7,47312870,176,0,1,7,845.313,20.0546
node,87,rx,-1,1543.64,1213.34,47312870,176,0,12,7,814.647,20.0546
node,121,tx,-1,372.316,1009.29,47312870,176,0,10,1,935.105,20.0952
node,30,rx,-1,403.117,980.024,47312870,176,0,11,7,892.617,20.0954
node,62,rx,-1,321.966,1077.68,47312870,176,0,12,7,1314.8,20.0954
node,25,rx,-1,242.665,1108.41,47312870,176,0,12,7,1214.69,20.0954
node,25,tx,-1,242.665,1108.41,47312870,176,0,12,1,1214.69,20.2052
node,62,rx,-1,321.966,1077.68,47312870,176,0,12,6,1314.8,20.2544
node,45,rx,-1,243.824,984.336,47312870,176,1,11,6,1114.24,20.2544
node,110,rx,-1,378.494,1135.18,47312870,176,0,11,6,1234.27,20.2544
node,121,rx,-1,372.316,1009.29,47312870,176,0,10,6,935.105,20.2544
node,76,rx,-1,402.456,1160.36,47312870,176,0,10,6,1199.47,20.2544
node,7,rx,-1,404.922,1171.34,47312870,176,0,9,6,1228.11,20.2544
node,114,rx,-1,421.473,1197.91,47312870,176,0,9,6,1144.59,20.2544
node,30,rx,-1,403.117,980.024,47312870,176,0,11,6,892.617,20.2544
node,79,rx,-1,471.744,1249.03,47312870,176,0,11,6,1072.8,20.2544
node,106,tx,-1,1749.5,829.869,47312870,176,1,8,1,1384.14,20.5064
node,39,rx,-1,1768.42,802.048,47312870,176,1,10,6,1351.16,20.5545
node,91,rx,-1,1663.85,909.586,47312870,176,1,4,6,1501.35,20.5545
node,17,tx,-1,435.158,999.094,47312870,176,0,11,1,918.629,20.7901
node,30,rx,-1,403.117,980.024,47312870,176,0,11,6,892.617,20.7904
node,101,rx,-1,466.336,1029.27,47312870,176,0,10,6,962.017,20.7904
node,45,tx,-1,243.824,984.336,47312870,176,1,11,1,1114.24,20.8285
node,62,rx,-1,321.966,1077.68,47312870,176,0,12,6,1314.8,20.8544
node,25,rx,-1,242.665,1108.41,47312870,176,0,12,6,1214.69,20.8544
node,30,rx,-1,403.117,980.024,47312870,176,0,11,6,892.617,20.8544
node,110,rx,-1,378.494,1135.18,47312870,176,0,11,6,1234.27,20.8544
node,76,rx,-1,402.456,1160.36,47312870,176,0,10,6,1199.47,20.8544
node,7,rx,-1,404.922,1171.34,47312870,176,0,9,6,1228.11,20.8544
node,114,rx,-1,421.473,1197.91,47312870,176,0,9,6,1144.59,20.8544
node,79,rx,-1,471.744,1249.03,47312870,176,0,11,6,1072.8,20.8544
node,24,tx,-1,890.392,698.648,47312870,176,0,12,1,996.205,20.9763
node,104,rx,-1,922.131,653.807,47312870,176,0,12,8,1050.28,20.9766
node,134,rx,-1,961.234,615.208,47312870,176,0,4,8,1105.23,20.9766
node,142,rx,-1,972.179,608.518,47312870,176,0,4,8,1117.77,20.9766
node,40,rx,-1,976.547,788.634,47312870,176,0,10,8,1122.63,20.9766
node,144,rx,-1,974.47,601.3,47312870,176,0,0,8,1124.59,20.9766
node,3,rx,-1,974.996,592.513,47312870,176,0,5,8,1150.56,20.9766
node,107,rx,-1,994.545,807.114,47312870,176,0,12,8,1155.44,20.9766
node,19,rx,-1,1014.95,823.278,47312870,176,0,12,8,1181.25,20.9766
node,140,rx,-1,1032.24,845.691,47312870,176,0,10,8,1209.38,20.9766
node,98,rx,-1,732.432,539.222,47312870,176,0,9,8,1318.81,20.9766
node,57,rx,-1,699.878,505.637,47312870,176,0,3,8,1268.86,20.9766
node,39,tx,-1,1768.42,802.048,47312870,176,1,10,1,1351.16,20.987
node,106,rx,-1,1749.5,829.869,47312870,176,1,8,6,1384.14,20.9873
node,91,rx,-1,1663.85,909.586,47312870,176,1,4,6,1501.35,20.9873
node,75,tx,-1,1263.34,700.804,47312870,176,0,11,1,999.014,21.196
node,126,rx,-1,1297.56,662.858,47312870,176,0,10,7,1049.99,21.1962
node,49,rx,-1,1341.42,624.763,47312870,176,0,11,7,1108,21.1962
node,71,rx,-1,1168.42,788.518,47312870,176,0,8,7,868.917,21.1962
node,73,rx,-1,1372.78,791.921,47312870,176,0,9,7,1391.49,21.1962
node,55,rx,-1,1367.55,598.783,47312870,176,0,5,7,1143.82,21.1962
node,10,rx,-1,1391.62,827.822,47312870,176,0,2,7,823.606,21.1962
node,142,tx,-1,968.577,612.318,47312870,176,0,5,1,1112.53,21.3828
node,144,rx,-1,972.86,602.998,47312870,176,0,2,7,1122.25,21.3831
node,134,rx,-1,957.416,618.977,47312870,176,0,5,7,1099.86,21.3831
node,3,rx,-1,978.936,598.051,47312870,176,0,6,7,1130.75,21.3831
node,104,rx,-1,913.695,662.134,47312870,176,0,11,7,1038.43,21.3831
node,24,rx,-1,882.724,706.212,47312870,176,0,10,7,985.408,21.3831
node,2,rx,-1,1175.31,418.113,47312870,176,0,10,7,1396.27,21.3831
node,33,rx,-1,1183.38,424.501,47312870,176,0,9,7,1409.32,21.3831
node,30,tx,-1,411.307,972.291,47312870,176,0,11,1,881.351,21.4726
node,17,rx,-1,427.567,991.748,47312870,176,0,10,7,908.065,21.4728
node,121,rx,-1,380.352,1001.65,47312870,176,0,11,7,924.02,21.4728
node,101,rx,-1,458.502,1021.68,47312870,176,0,10,7,951.115,21.4728
node,35,rx,-1,498.215,878.286,47312870,176,0,9,7,768.211,21.4728
node,25,rx,-1,250.494,1118.55,47312870,176,0,12,7,1201.88,21.4728
node,60,tx,-1,327.789,1359.76,47312870,176,0,2,1,1116.25,21.7203
node,27,tx,-1,1533.3,1164.02,47312870,176,0,11,1,882.807,21.7304
node,32,tx,-1,1277.96,1098.15,47312870,176,0,6,1,441.508,21.7529
node,97,rx,-1,1561.68,1194.48,47312870,176,0,10,9,840.875,21.7545
node,18,rx,-1,1565.29,1191.75,47312870,176,0,0,9,845.232,21.7545
node,26,rx,-1,1179.83,1184.31,47312870,176,0,6,6,313.468,21.7545
node,138,rx,-1,1054.43,1317.13,47312870,176,1,9,6,651.058,21.7545
node,86,rx,-1,410.644,1308.2,47312870,176,1,7,7,967.413,21.7546
node,79,rx,-1,480.376,1257.74,47312870,176,0,12,7,1060.53,21.7546
node,59,tx,-1,1921.02,1216.71,47312870,176,0,11,1,1401.09,22.0452
node,52,rx,-1,1934.33,1203.42,47312870,176,1,0,9,1382.2,22.0544
node,53,rx,-1,1928.16,1191.18,47312870,176,0,10,9,1366.36,22.0544
node,140,tx,-1,1016.41,829.486,47312870,176,0,11,1,1186.72,22.1047
node,19,rx,-1,998.347,806.288,47312870,176,0,12,9,1157.5,22.1546
node,21,rx,-1,977.023,793.658,47312870,176,0,0,9,1141.21,22.1546
node,107,rx,-1,978.273,790.427,47312870,176,0,10,9,1125.11,22.1546
node,40,rx,-1,960.013,771.211,47312870,176,0,12,9,1098.62,22.1546
node,74,tx,-1,1859.19,1306.76,47312870,176,0,11,1,1279.95,22.2227
node,57,tx,-1,691.132,510.874,47312870,176,0,6,1,1257.61,22.2502
node,98,rx,-1,716.287,522.485,47312870,176,0,12,9,1295.55,22.2544
node,115,rx,-1,730.54,588.914,47312870,176,0,12,9,1424.62,22.2544
node,80,rx,-1,752.738,576.312,47312870,176,0,11,9,1399.1,22.2544
node,41,rx,-1,697.75,313.393,47312870,176,0,12,9,1534.49,22.2544
node,120,rx,-1,730.991,280.468,47312870,176,0,12,9,1581.28,22.2544
node,104,tx,-1,905.283,670.438,47312870,176,0,11,1,1026.6,22.6129
node,24,rx,-1,873.653,715.2,47312870,176,0,12,8,972.638,22.6545
node,134,rx,-1,952.949,623.386,47312870,176,0,6,8,1093.59,22.6545
node,142,rx,-1,964.315,616.805,47312870,176,0,6,8,1106.32,22.6545
node,144,rx,-1,971.067,604.89,47312870,176,0,2,8,1119.64,22.6545
node,3,rx,-1,976.848,603.593,47312870,176,0,6,8,1124.56,22.6545
node,98,tx,-1,716.287,522.485,47312870,176,0,12,1,1295.55,22.8095
node,57,rx,-1,691.132,510.874,47312870,176,0,6,9,1257.61,22.8544
node,80,rx,-1,752.738,576.312,47312870,176,0,11,9,1399.1,22.8544
node,115,rx,-1,730.54,588.914,47312870,176,0,12,9,1424.62,22.8544
node,41,rx,-1,697.75,313.393,47312870,176,0,12,9,1534.49,22.8544
node,120,rx,-1,730.991,280.468,47312870,176,0,12,9,1581.28,22.8544
node,40,rx,-1,960.013,771.211,47312870,176,0,12,9,1098.62,22.8544
node,21,tx,-1,977.51,793.18,47312870,176,0,0,1,1140.47,23.1454
node,107,rx,-1,970.312,782.081,47312870,176,0,11,10,1113.59,23.1545
node,19,rx,-1,990.798,798.57,47312870,176,0,10,10,1146.7,23.1545
node,40,rx,-1,951.693,762.424,47312870,176,0,12,10,1086.51,23.1545
node,140,rx,-1,1008.53,821.425,47312870,176,0,11,10,1175.45,23.1545
node,104,rx,-1,896.658,678.815,47312870,176,0,12,10,1014.52,23.1545
node,80,rx,-1,761.158,571.529,47312870,176,0,9,10,1389.41,23.1545
node,19,tx,-1,990.798,798.57,47312870,176,0,10,1,1146.7,23.4893
node,21,rx,-1,977.51,793.18,47312870,176,0,0,9,1140.47,23.4896
node,107,rx,-1,970.312,782.081,47312870,176,0,11,9,1113.59,23.4896
node,140,rx,-1,1008.53,821.425,47312870,176,0,11,9,1175.45,23.4896
node,40,rx,-1,951.693,762.424,47312870,176,0,12,9,1086.51,23.4896
node,80,rx,-1,761.158,571.529,47312870,176,0,9,9,1389.41,23.4896
node,35,tx,-1,507.045,882.821,47312870,176,0,5,1,1268.88,23.5179
node,40,tx,-1,951.693,762.424,47312870,176,0,12,1,1086.51,23.522
node,107,rx,-1,970.312,782.081,47312870,176,0,11,9,1113.59,23.5544
node,21,rx,-1,977.51,793.18,47312870,176,0,0,9,1140.47,23.5544
node,19,rx,-1,990.798,798.57,47312870,176,0,10,9,1146.7,23.5544
node,140,rx,-1,1008.53,821.425,47312870,176,0,11,9,1175.45,23.5544
node,104,rx,-1,896.658,678.815,47312870,176,0,12,9,1014.52,23.5544
node,80,rx,-1,761.158,571.529,47312870,176,0,9,9,1389.41,23.5544
node,98,rx,-1,709.597,515.649,47312870,176,0,9,9,1285.98,23.5544
node,123,rx,-1,486.235,865.29,47312870,176,0,12,8,785.886,23.5544
node,137,rx,-1,439.132,814.16,47312870,176,0,9,8,855.404,23.5544
node,30,rx,-1,429.006,955.857,47312870,176,0,11,8,857.2,23.5544
node,113,rx,-1,589.911,962.259,47312870,176,0,9,8,643.536,23.5544
node,46,rx,-1,425.579,799.448,47312870,176,0,7,8,875.407,23.5544
node,17,rx,-1,415.193,979.772,47312870,176,0,6,8,890.845,23.5544
node,69,rx,-1,599.554,980.614,47312870,176,0,9,8,622.069,23.5544
node,145,rx,-1,411.829,784.522,47312870,176,0,0,8,895.7,23.5544
node,121,rx,-1,397.587,985.279,47312870,176,0,11,8,900.246,23.5544
node,9,rx,-1,701.354,698.959,47312870,176,0,5,8,995.845,23.5544
node,41,tx,-1,689.7,321.323,47312870,176,0,11,1,1523.19,23.6123
node,120,rx,-1,722.649,288.734,47312870,176,0,11,10,1569.53,23.6545
node,98,rx,-1,709.597,515.649,47312870,176,0,9,10,1285.98,23.6545
node,57,rx,-1,685.038,516.851,47312870,176,0,8,10,1249.07,23.6545
node,80,rx,-1,761.158,571.529,47312870,176,0,9,10,1389.41,23.6545
node,115,rx,-1,740.755,583.115,47312870,176,0,11,10,1412.88,23.6545
node,144,tx,-1,968.866,607.211,47312870,176,0,3,1,1116.44,23.6959
node,3,rx,-1,971.705,609.019,47312870,176,0,7,9,1117.08,23.6961
node,146,rx,-1,974.47,601.3,47312870,176,0,0,9,1124.59,23.6961
node,142,rx,-1,958.452,622.593,47312870,176,0,8,9,1098.06,23.6961
node,134,rx,-1,947.883,628.387,47312870,176,0,7,9,1086.47,23.6961
node,104,rx,-1,896.658,678.815,47312870,176,0,12,9,1014.52,23.6961
node,24,rx,-1,865.552,723.061,47312870,176,0,11,9,961.42,23.6961
node,2,rx,-1,1158.96,434.43,47312870,176,0,12,9,1373.35,23.6961
node,33,rx,-1,1175.2,417.107,47312870,176,0,5,9,1398.26,23.6961
node,103,rx,-1,1189.85,430.94,47312870,176,0,7,9,1418.45,23.6961
node,107,tx,-1,970.312,782.081,47312870,176,0,11,1,1113.59,23.8772
node,21,rx,-1,977.51,793.18,47312870,176,0,0,9,1140.47,23.8774
node,19,rx,-1,990.798,798.57,47312870,176,0,10,9,1146.7,23.8774
node,40,rx,-1,951.693,762.424,47312870,176,0,12,9,1086.51,23.8774
node,140,rx,-1,1008.53,821.425,47312870,176,0,11,9,1175.45,23.8774
node,104,rx,-1,896.658,678.815,47312870,176,0,12,9,1014.52,23.8774
node,42,rx,-1,894.008,896.185,47312870,176,1,11,9,719.698,23.8774
node,80,rx,-1,761.158,571.529,47312870,176,0,9,9,1389.41,23.8774
node,69,tx,-1,606.29,988.732,47312870,176,0,10,1,611.47,24.3182
node,113,rx,-1,593.175,965.63,47312870,176,0,4,9,638.846,24.3544
node,35,rx,-1,512.494,877.59,47312870,176,0,7,9,1261.31,24.3544
node,123,rx,-1,494.085,873.806,47312870,176,0,11,9,774.304,24.3544
node,137,rx,-1,445.962,821.574,47312870,176,0,10,9,845.324,24.3544
node,46,rx,-1,431.524,805.901,47312870,176,0,8,9,866.633,24.3544
node,110,rx,-1,409.805,1168.01,47312870,176,0,11,9,1188.91,24.3544
node,7,rx,-1,396.071,1162.2,47312870,176,0,0,9,1215.39,24.3544
node,145,rx,-1,413.189,785.999,47312870,176,0,2,9,893.693,24.3544
node,120,tx,-1,714.639,296.671,47312870,176,0,11,1,1558.26,24.5033
node,115,tx,-1,750.243,577.729,47312870,176,0,10,1,1401.97,24.521
node,46,tx,-1,431.524,805.901,47312870,176,0,8,1,866.633,24.5354
node,80,rx,-1,760.54,567.399,47312870,176,0,5,10,1384.23,24.5543
node,98,rx,-1,704.493,510.432,47312870,176,0,7,10,1278.68,24.5543
node,57,rx,-1,678.712,523.055,47312870,176,0,8,10,1240.21,24.5543
node,41,rx,-1,681.375,329.524,47312870,176,0,11,10,1511.5,24.5543
node,120,rx,-1,714.639,296.671,47312870,176,0,11,10,1558.26,24.5543
node,137,rx,-1,445.962,821.574,47312870,176,0,10,9,845.324,24.5545
node,145,rx,-1,413.189,785.999,47312870,176,0,2,9,893.693,24.5545
node,123,rx,-1,494.085,873.806,47312870,176,0,11,9,774.304,24.5545
node,35,rx,-1,512.494,877.59,47312870,176,0,7,9,1261.31,24.5545
node,113,rx,-1,593.175,965.63,47312870,176,0,4,9,638.846,24.5545
node,69,rx,-1,606.29,988.732,47312870,176,0,10,9,611.47,24.5545
node,41,rx,-1,681.375,329.524,47312870,176,0,11,10,1511.5,24.5546
node,98,rx,-1,704.493,510.432,47312870,176,0,7,10,1278.68,24.5546
node,57,rx,-1,678.712,523.055,47312870,176,0,8,10,1240.21,24.5546
node,80,rx,-1,760.54,567.399,47312870,176,0,5,10,1384.23,24.5546
node,115,rx,-1,750.243,577.729,47312870,176,0,10,10,1401.97,24.5546
node,80,tx,-1,760.54,567.399,47312870,176,0,5,1,1384.23,24.8164
node,115,rx,-1,750.243,577.729,47312870,176,0,10,10,1401.97,24.8545
node,98,rx,-1,704.493,510.432,47312870,176,0,7,10,1278.68,24.8545
node,57,rx,-1,678.712,523.055,47312870,176,0,8,10,1240.21,24.8545
node,104,rx,-1,888.139,687.018,47312870,176,0,11,10,1002.7,24.8545
node,41,rx,-1,681.375,329.524,47312870,176,0,11,10,1511.5,24.8545
node,40,rx,-1,944.5,754.827,47312870,176,0,10,10,1076.05,24.8545
node,120,rx,-1,714.639,296.671,47312870,176,0,11,10,1558.26,24.8545
node,107,rx,-1,963.139,774.51,47312870,176,0,10,10,1103.16,24.8545
node,21,rx,-1,977.524,793.167,47312870,176,0,0,10,1140.45,24.8545
node,19,rx,-1,983.148,790.495,47312870,176,0,11,10,1135.47,24.8545
node,140,rx,-1,1000.37,813.07,47312870,176,0,11,10,1163.77,24.8545
node,9,tx,-1,709.754,707.477,47312870,176,0,5,1,983.883,25.0223
node,63,rx,-1,694.858,687.764,47312870,176,0,5,9,1008.36,25.0546
node,42,rx,-1,910.147,912.599,47312870,176,1,12,9,696.679,25.0546
node,113,tx,-1,596.91,970.581,47312870,176,0,6,1,632.617,25.5387
node,69,rx,-1,614.868,997.65,47312870,176,0,12,9,599.091,25.5546
node,35,rx,-1,519.413,870.483,47312870,176,0,9,9,1251.4,25.5546
node,123,rx,-1,498.886,879.015,47312870,176,0,7,9,767.221,25.5546
node,137,rx,-1,453.027,829.243,47312870,176,0,10,9,834.897,25.5546
node,46,rx,-1,438.752,813.748,47312870,176,0,10,9,855.965,25.5546
node,145,rx,-1,415.632,788.651,47312870,176,0,3,9,890.087,25.5546
node,110,rx,-1,417.415,1175.72,47312870,176,0,10,9,1178.08,25.5546
node,7,rx,-1,396.067,1162.2,47312870,176,0,0,9,1215.38,25.5546
node,24,rx,-1,849.779,738.303,47312870,176,0,10,9,939.483,25.5546
node,146,tx,-1,973.881,601.921,47312870,176,0,0,1,1123.73,25.5772
node,144,rx,-1,961.052,615.388,47312870,174,0,6,10,1104.97,25.5775
node,3,rx,-1,959.542,621.517,47312870,174,0,8,10,1099.59,25.5775
node,142,rx,-1,941.987,638.844,47312870,174,0,12,10,1074.93,25.5775
node,134,rx,-1,936.997,639.133,47312870,174,0,7,10,1071.17,25.5775
node,104,rx,-1,879.702,695.27,47312870,174,0,11,10,990.966,25.5775
node,24,rx,-1,849.779,738.303,47312870,174,0,10,10,939.483,25.5775
node,2,rx,-1,1141.87,451.159,47312870,174,0,12,10,1349.4,25.5775
node,33,rx,-1,1163.4,425.473,47312870,174,0,7,10,1382.81,25.5775
node,103,rx,-1,1181.02,422.154,47312870,174,0,5,10,1406,25.5775
node,123,tx,-1,498.886,879.015,47312870,176,0,7,1,767.221,25.5946
node,35,rx,-1,519.413,870.483,47312870,176,0,9,9,1251.4,25.5949
node,137,rx,-1,453.027,829.243,47312870,176,0,10,9,834.897,25.5949
node,30,rx,-1,445.239,940.784,47312870,176,0,11,9,835.05,25.5949
node,46,rx,-1,438.752,813.748,47312870,176,0,10,9,855.965,25.5949
node,121,rx,-1,415.851,968.071,47312870,176,0,12,9,875.149,25.5949
node,145,rx,-1,415.632,788.651,47312870,176,0,3,9,890.087,25.5949
node,17,rx,-1,411.821,976.505,47312870,176,0,0,9,886.15,25.5949
node,113,rx,-1,596.91,970.581,47312870,176,0,6,9,632.617,25.5949
node,69,rx,-1,614.868,997.65,47312870,176,0,12,9,599.091,25.5949
node,63,rx,-1,694.858,687.764,47312870,176,0,5,9,1008.36,25.5949
node,137,tx,-1,453.027,829.243,47312870,176,0,10,1,834.897,25.9413
node,46,rx,-1,438.752,813.748,47312870,176,0,10,9,855.965,25.9543
node,145,rx,-1,415.632,788.651,47312870,176,0,3,9,890.087,25.9543
node,123,rx,-1,498.886,879.015,47312870,176,0,7,9,767.221,25.9543
node,35,rx,-1,519.413,870.483,47312870,176,0,9,9,1251.4,25.9543
node,113,rx,-1,596.91,970.581,47312870,176,0,6,9,632.617,25.9543
node,69,rx,-1,614.868,997.65,47312870,176,0,12,9,599.091,25.9543
node,63,tx,-1,699.602,692.505,47312870,176,0,6,1,1001.67,26.2584
node,9,rx,-1,714.774,712.566,47312870,176,0,7,10,976.735,26.2586
node,35,rx,-1,526.493,863.212,47312870,176,0,10,10,1241.25,26.2586
node,123,rx,-1,501.267,881.597,47312870,176,0,3,10,763.708,26.2586
node,42,rx,-1,918.778,921.371,47312870,176,1,12,10,684.373,26.2586
node,30,rx,-1,454.713,931.988,47312870,176,0,12,10,822.124,26.2586
node,145,tx,-1,418.382,791.636,47312870,176,0,4,1,886.028,26.2713
node,46,rx,-1,445.812,821.411,47312870,176,0,10,9,845.546,26.2716
node,137,rx,-1,461.289,838.211,47312870,176,0,12,9,822.703,26.2716
node,123,rx,-1,501.267,881.597,47312870,176,0,3,9,763.708,26.2716
node,113,rx,-1,598.566,977.625,47312870,176,0,7,9,625.283,26.2716
node,69,rx,-1,623.746,1006.87,47312870,176,0,12,9,586.187,26.2716
node,42,tx,-1,918.778,921.371,47312870,176,1,12,1,684.373,26.6852
node,129,rx,-1,1067.65,1072.68,47312870,176,0,0,10,471.9,26.6854
node,93,rx,-1,1072.87,1078.02,47312870,176,0,0,10,464.399,26.6854
node,29,rx,-1,1075.28,1075.76,47312870,176,0,0,10,464.399,26.6854
node,6,rx,-1,1093.72,1081.87,47312870,176,0,12,10,1793.88,26.6854
node,9,rx,-1,714.774,712.566,47312870,176,0,7,10,976.735,26.6854
node,63,rx,-1,699.602,692.505,47312870,176,0,6,10,1001.67,26.6854
