node,0,tx,-1,1040.99,1151.32,35157137,174,0,0,1,0,13.0709
node,81,rx,-1,1026.64,1165.37,35157137,176,1,5,1,20.0864,13.0711
node,15,rx,-1,1010.04,1163.81,35157137,176,0,7,1,1914.24,13.0711
node,19,rx,-1,1012.26,1179.44,35157137,176,0,4,1,40.2076,13.0711
node,78,rx,-1,1068.46,1073.51,35157137,176,0,0,1,474.006,13.0711
node,30,rx,-1,1075.28,1075.75,35157137,176,0,0,1,467.67,13.0711
node,116,rx,-1,1064.93,1065.22,35157137,176,0,0,1,482.397,13.0711
node,114,rx,-1,1185.33,1010.21,35157137,176,0,2,1,843.846,13.0711
node,63,rx,-1,894.525,1292.27,35157137,176,0,9,1,203.783,13.0711
node,58,rx,-1,1178.67,995.776,35157137,176,0,7,1,886.944,13.0711
node,86,rx,-1,873.268,1312.94,35157137,176,0,5,1,233.541,13.0711
node,29,rx,-1,805.615,1354.26,35157137,176,0,7,1,873.722,13.0711
node,80,rx,-1,795.226,1360.98,35157137,176,0,4,1,887.695,13.0711
node,120,rx,-1,786.676,1352.7,35157137,176,1,2,1,356.842,13.0711
node,121,rx,-1,782.61,1353.39,35157137,176,0,0,1,359.338,13.0711
node,78,tx,-1,1068.46,1073.51,35157137,176,0,0,1,474.006,13.7163
node,30,rx,-1,1075.28,1075.75,35157137,176,0,0,2,467.67,13.7544
node,116,rx,-1,1064.93,1065.22,35157137,176,0,0,2,482.397,13.7544
node,13,rx,-1,1116.89,1123.93,35157137,176,0,9,2,403.896,13.7544
node,81,rx,-1,1026.64,1165.37,35157137,176,1,5,2,20.0864,13.7544
node,15,rx,-1,1010.04,1163.81,35157137,176,0,7,2,1914.24,13.7544
node,19,rx,-1,1012.26,1179.44,35157137,176,0,4,2,40.2076,13.7544
node,59,rx,-1,983.34,982.275,35157137,176,0,5,2,598.949,13.7544
node,114,rx,-1,1185.33,1010.21,35157137,176,0,2,2,843.846,13.7544
node,58,rx,-1,1178.67,995.776,35157137,176,0,7,2,886.944,13.7544
node,63,rx,-1,894.525,1292.27,35157137,176,0,9,2,203.783,13.7544
node,87,rx,-1,1295.56,875.906,35157137,176,0,7,2,1508.69,13.7544
node,86,rx,-1,873.268,1312.94,35157137,176,0,5,2,233.541,13.7544
node,79,rx,-1,1300.25,866.769,35157137,176,0,7,2,1498.97,13.7544
node,10,rx,-1,1315.59,847.343,35157137,176,0,10,2,1474.43,13.7544
node,63,tx,-1,902.513,1285.39,35157137,176,0,10,1,193.197,14.0191
node,86,rx,-1,878.248,1308.1,35157137,176,0,6,2,226.592,14.0545
node,29,rx,-1,809.992,1346.6,35157137,176,1,10,2,863.699,14.0545
node,80,rx,-1,800.755,1359.48,35157137,176,0,6,2,881.235,14.0545
node,120,rx,-1,788.337,1354.38,35157137,176,1,2,2,354.473,14.0545
node,121,rx,-1,783.665,1354.39,35157137,176,0,1,2,357.877,14.0545
node,19,rx,-1,1016.18,1175.61,35157137,176,1,5,2,34.7256,14.0545
node,15,rx,-1,1015.76,1158.14,35157137,176,0,8,2,1906.19,14.0545
node,81,rx,-1,1031.91,1160.21,35157137,176,1,7,2,12.7075,14.0545
node,34,rx,-1,760.526,1427.49,35157137,176,0,12,2,395.34,14.0545
node,78,rx,-1,1069.84,1074.91,35157137,176,0,1,2,472.038,14.0545
node,30,rx,-1,1075.28,1075.75,35157137,176,0,0,2,467.664,14.0545
node,116,rx,-1,1066.53,1066.84,35157137,176,0,2,2,480.116,14.0545
node,15,tx,-1,1015.76,1158.14,35157137,176,0,8,1,1906.19,14.0609
node,81,rx,-1,1031.91,1160.21,35157137,176,1,7,2,12.7075,14.0611
node,19,rx,-1,1016.18,1175.61,35157137,176,1,5,2,34.7256,14.0611
node,78,rx,-1,1069.84,1074.91,35157137,176,0,1,2,472.038,14.0611
node,30,rx,-1,1075.28,1075.75,35157137,176,0,0,2,467.664,14.0611
node,116,rx,-1,1066.53,1066.84,35157137,176,0,2,2,480.116,14.0611
node,63,rx,-1,902.513,1285.39,35157137,176,0,10,2,193.197,14.0611
node,86,rx,-1,878.248,1308.1,35157137,176,0,6,2,226.592,14.0611
node,114,rx,-1,1188.14,1007.4,35157137,176,0,3,2,902.108,14.0611
node,58,rx,-1,1172.25,989.121,35157137,176,0,9,2,877.558,14.0611
node,29,rx,-1,809.992,1346.6,35157137,176,1,10,2,863.699,14.0611
node,80,rx,-1,800.755,1359.48,35157137,176,0,6,2,881.235,14.0611
node,120,rx,-1,788.337,1354.38,35157137,176,1,2,2,354.473,14.0611
node,121,rx,-1,783.665,1354.39,35157137,176,0,1,2,357.877,14.0611
node,87,tx,-1,1297.57,869.365,35157137,176,0,5,1,1502.7,14.4363
node,79,rx,-1,1304.84,857.744,35157137,176,0,9,3,1489.39,14.4545
node,10,rx,-1,1324.56,838.665,35157137,176,0,12,3,1461.95,14.4545
node,64,rx,-1,1384.35,820.345,35157137,176,0,1,3,837.398,14.4545
node,58,rx,-1,1172.25,989.121,35157137,176,0,9,3,877.558,14.4545
node,114,rx,-1,1188.14,1007.4,35157137,176,0,3,3,902.108,14.4545
node,23,rx,-1,1450.87,699.387,35157137,176,0,9,3,1264.33,14.4545
node,30,rx,-1,1075.28,1075.75,35157137,176,0,0,3,467.664,14.4545
node,116,rx,-1,1066.53,1066.84,35157137,176,0,2,3,480.116,14.4545
node,78,rx,-1,1069.84,1074.91,35157137,176,0,1,3,472.038,14.4545
node,30,tx,-1,1075.28,1075.75,35157137,176,0,0,1,467.664,14.4949
node,78,rx,-1,1069.84,1074.91,35157137,176,0,1,2,472.038,14.4951
node,116,rx,-1,1066.53,1066.84,35157137,176,0,2,2,480.116,14.4951
node,13,rx,-1,1127.17,1129.81,35157137,176,0,11,2,392.519,14.4951
node,81,rx,-1,1031.91,1160.21,35157137,176,1,7,2,12.7075,14.4951
node,15,rx,-1,1015.76,1158.14,35157137,176,0,8,2,1906.19,14.4951
node,19,rx,-1,1016.18,1175.61,35157137,176,1,5,2,34.7256,14.4951
node,59,rx,-1,988.607,987.626,35157137,176,0,7,2,591.439,14.4951
node,58,rx,-1,1172.25,989.121,35157137,176,0,9,2,877.558,14.4951
node,114,rx,-1,1188.14,1007.4,35157137,176,0,3,2,902.108,14.4951
node,63,rx,-1,902.513,1285.39,35157137,176,0,10,2,193.197,14.4951
node,87,rx,-1,1297.57,869.365,35157137,176,0,5,2,1502.7,14.4951
node,86,rx,-1,878.248,1308.1,35157137,176,0,6,2,226.592,14.4951
node,79,rx,-1,1304.84,857.744,35157137,176,0,9,2,1489.39,14.4951
node,90,rx,-1,1298.43,1313.75,35157137,176,1,4,2,670.093,14.4951
node,10,rx,-1,1324.56,838.665,35157137,176,0,12,2,1461.95,14.4951
node,29,tx,-1,809.992,1346.6,35157137,176,1,10,1,863.699,14.7293
node,80,rx,-1,800.755,1359.48,35157137,176,0,6,2,881.235,14.7546
node,120,rx,-1,788.337,1354.38,35157137,176,1,2,2,354.473,14.7546
node,121,rx,-1,783.665,1354.39,35157137,176,0,1,2,357.877,14.7546
node,12,rx,-1,840.162,1409.13,35157137,176,1,11,2,362.452,14.7546
node,86,rx,-1,878.248,1308.1,35157137,176,0,6,2,226.592,14.7546
node,34,rx,-1,760.526,1427.49,35157137,176,0,12,2,395.34,14.7546
node,63,rx,-1,902.513,1285.39,35157137,176,0,10,2,193.197,14.7546
node,54,rx,-1,715.831,1499.32,35157137,176,0,9,2,1049.05,14.7546
node,115,rx,-1,706.497,1521.8,35157137,176,0,3,2,1074.41,14.7546
node,19,rx,-1,1016.18,1175.61,35157137,176,1,5,2,34.7256,14.7546
node,15,rx,-1,1015.76,1158.14,35157137,176,0,8,2,1906.19,14.7546
node,81,rx,-1,1031.91,1160.21,35157137,176,1,7,2,12.7075,14.7546
node,59,tx,-1,988.607,987.626,35157137,176,0,7,1,591.439,14.9466
node,116,rx,-1,1066.53,1066.84,35157137,176,0,2,3,480.116,14.9543
node,78,rx,-1,1069.84,1074.91,35157137,176,0,1,3,472.038,14.9543
node,30,rx,-1,1075.28,1075.75,35157137,176,0,0,3,467.664,14.9543
node,13,rx,-1,1127.17,1129.81,35157137,176,0,11,3,392.519,14.9543
node,121,tx,-1,783.665,1354.39,35157137,176,0,1,1,357.877,14.9921
node,120,rx,-1,788.337,1354.38,35157137,176,1,2,2,354.473,14.9923
node,80,rx,-1,800.755,1359.48,35157137,176,0,6,2,881.235,14.9923
node,29,rx,-1,809.992,1346.6,35157137,176,1,10,2,863.699,14.9923
node,50,rx,-1,734.279,1302.17,35157137,176,0,7,2,429.848,14.9923
node,34,rx,-1,760.526,1427.49,35157137,176,0,12,2,395.34,14.9923
node,12,rx,-1,840.162,1409.13,35157137,176,1,11,2,362.452,14.9923
node,109,rx,-1,720.374,1287.42,35157137,176,0,3,2,450.117,14.9923
node,32,rx,-1,855.349,1424.88,35157137,176,1,12,2,384.335,14.9923
node,86,rx,-1,878.248,1308.1,35157137,176,0,6,2,226.592,14.9923
node,56,rx,-1,876.772,1446.63,35157137,176,1,12,2,414.864,14.9923
node,63,rx,-1,902.513,1285.39,35157137,176,0,10,2,193.197,14.9923
node,54,rx,-1,715.831,1499.32,35157137,176,0,9,2,1049.05,14.9923
node,115,rx,-1,706.497,1521.8,35157137,176,0,3,2,1074.41,14.9923
node,19,rx,-1,1016.18,1175.61,35157137,176,1,5,2,34.7256,14.9923
node,15,rx,-1,1015.76,1158.14,35157137,176,0,8,2,1906.19,14.9923
node,81,rx,-1,1031.91,1160.21,35157137,176,1,7,2,12.7075,14.9923
node,114,tx,-1,1184.61,1001.93,35157137,176,0,6,1,895.605,15.0016
node,58,tx,-1,1164.69,981.199,35157137,176,0,10,1,866.559,15.0053
node,114,rx,-1,1184.61,1001.93,35157137,176,0,6,2,895.605,15.0544
node,116,rx,-1,1069.05,1069.39,35157137,176,0,3,2,476.53,15.0544
node,30,rx,-1,1075.28,1075.75,35157137,176,0,0,2,467.662,15.0544
node,78,rx,-1,1072.65,1077.79,35157137,176,0,4,2,468.016,15.0544
node,100,rx,-1,1067.43,876.98,35157137,176,0,8,2,1259.71,15.0544
node,60,rx,-1,1057.15,866.467,35157137,176,0,4,2,1245,15.0544
node,89,rx,-1,1044.54,853.564,35157137,176,0,6,2,1226.86,15.0544
node,87,rx,-1,1302.67,864.431,35157137,176,0,7,2,1495.6,15.0544
node,79,rx,-1,1313.1,849.75,35157137,176,0,11,2,1477.9,15.0544
node,77,rx,-1,1014.56,827.593,35157137,176,0,12,2,1187.33,15.0544
node,81,rx,-1,1034.35,1157.83,35157137,176,1,3,2,9.29885,15.0544
node,15,rx,-1,1021.94,1152.01,35157137,176,0,8,2,1897.5,15.0544
node,10,rx,-1,1333.64,829.875,35157137,176,0,12,2,1449.31,15.0544
node,19,rx,-1,1020.16,1171.71,35157137,176,1,5,2,29.1456,15.0544
node,22,rx,-1,1332.72,1152.58,35157137,176,0,8,2,522.669,15.0544
node,133,rx,-1,1012.35,1179.36,35157137,176,1,0,2,40.0807,15.0544
node,64,rx,-1,1385.58,821.604,35157137,176,0,1,2,835.642,15.0544
node,58,rx,-1,1164.69,981.199,35157137,176,0,10,2,866.559,15.0547
node,30,rx,-1,1075.28,1075.75,35157137,176,0,0,2,467.662,15.0547
node,116,rx,-1,1069.05,1069.39,35157137,176,0,3,2,476.53,15.0547
node,78,rx,-1,1072.65,1077.79,35157137,176,0,4,2,468.016,15.0547
node,100,rx,-1,1067.43,876.98,35157137,176,0,8,2,1259.71,15.0547
node,87,rx,-1,1302.67,864.431,35157137,176,0,7,2,1495.6,15.0547
node,60,rx,-1,1057.15,866.467,35157137,176,0,4,2,1245,15.0547
node,79,rx,-1,1313.1,849.75,35157137,176,0,11,2,1477.9,15.0547
node,89,rx,-1,1044.54,853.564,35157137,176,0,6,2,1226.86,15.0547
node,22,rx,-1,1332.72,1152.58,35157137,176,0,8,2,522.669,15.0547
node,81,rx,-1,1034.35,1157.83,35157137,176,1,3,2,9.29885,15.0547
node,15,rx,-1,1021.94,1152.01,35157137,176,0,8,2,1897.5,15.0547
node,10,rx,-1,1333.64,829.875,35157137,176,0,12,2,1449.31,15.0547
node,19,rx,-1,1020.16,1171.71,35157137,176,1,5,2,29.1456,15.0547
node,77,rx,-1,1014.56,827.593,35157137,176,0,12,2,1187.33,15.0547
node,133,rx,-1,1012.35,1179.36,35157137,176,1,0,2,40.0807,15.0547
node,64,rx,-1,1385.58,821.604,35157137,176,0,1,2,835.642,15.0547
node,19,tx,-1,1020.16,1171.71,35157137,176,1,5,1,29.1456,15.2036
node,133,rx,-1,1012.35,1179.36,35157137,176,1,0,2,40.0807,15.2545
node,15,rx,-1,1021.94,1152.01,35157137,176,0,8,2,1897.5,15.2545
node,81,rx,-1,1034.35,1157.83,35157137,176,1,3,2,9.29885,15.2545
node,78,rx,-1,1072.65,1077.79,35157137,176,0,4,2,468.016,15.2545
node,30,rx,-1,1075.28,1075.75,35157137,176,0,0,2,467.662,15.2545
node,116,rx,-1,1069.05,1069.39,35157137,176,0,3,2,476.53,15.2545
node,63,rx,-1,907.887,1281.55,35157137,176,0,6,2,186.433,15.2545
node,86,rx,-1,883.714,1302.78,35157137,176,0,7,2,218.965,15.2545
node,114,rx,-1,1184.61,1001.93,35157137,176,0,6,2,895.605,15.2545
node,58,rx,-1,1164.69,981.199,35157137,176,0,10,2,866.559,15.2545
node,29,rx,-1,817.65,1338.99,35157137,176,1,10,2,852.907,15.2545
node,80,rx,-1,805.508,1353.63,35157137,176,0,8,2,873.091,15.2545
node,120,rx,-1,791.253,1357.48,35157137,176,1,4,2,350.215,15.2545
node,121,rx,-1,785.569,1356.25,35157137,176,0,2,2,355.01,15.2545
node,81,tx,-1,1034.35,1157.83,35157137,176,1,3,1,9.29885,15.3462
node,120,tx,-1,791.253,1357.48,35157137,176,1,4,1,350.215,15.3517
node,121,rx,-1,785.569,1356.25,35157137,176,0,2,2,355.01,15.3544
node,80,rx,-1,805.508,1353.63,35157137,176,0,8,2,873.091,15.3544
node,29,rx,-1,817.65,1338.99,35157137,176,1,10,2,852.907,15.3544
node,12,rx,-1,831.542,1400.54,35157137,176,1,12,2,350.293,15.3544
node,34,rx,-1,767.837,1417.46,35157137,176,0,12,2,382.811,15.3544
node,50,rx,-1,739.636,1307.86,35157137,176,0,7,2,422.039,15.3544
node,32,rx,-1,847.016,1416.38,35157137,176,1,11,2,372.433,15.3544
node,109,rx,-1,724.665,1291.98,35157137,176,0,6,2,443.862,15.3544
node,128,rx,-1,715.44,1282.19,35157137,176,0,0,2,457.311,15.3544
node,86,rx,-1,883.714,1302.78,35157137,176,0,7,2,218.965,15.3544
node,56,rx,-1,868.33,1438.06,35157137,176,1,12,2,402.834,15.3544
node,63,rx,-1,907.887,1281.55,35157137,176,0,6,2,186.433,15.3544
node,54,rx,-1,720.527,1488.96,35157137,176,0,11,2,1037.76,15.3544
node,115,rx,-1,709.39,1516.27,35157137,176,0,5,2,1068.6,15.3544
node,127,rx,-1,701.45,1527.76,35157137,176,0,0,2,1081.65,15.3544
node,133,rx,-1,1012.35,1179.36,35157137,176,1,0,2,40.0807,15.3544
node,19,rx,-1,1020.16,1171.71,35157137,176,1,5,2,29.1456,15.3544
node,15,rx,-1,1021.94,1152.01,35157137,176,0,8,2,1897.5,15.3544
node,81,rx,-1,1034.35,1157.83,35157137,176,1,3,2,9.29885,15.3544
node,15,rx,-1,1021.94,1152.01,35157137,176,0,8,2,1897.5,15.3548
node,19,rx,-1,1020.16,1171.71,35157137,176,1,5,2,29.1456,15.3548
node,133,rx,-1,1012.35,1179.36,35157137,176,1,0,2,40.0807,15.3548
node,78,rx,-1,1072.65,1077.79,35157137,176,0,4,2,468.016,15.3548
node,30,rx,-1,1075.28,1075.75,35157137,176,0,0,2,467.662,15.3548
node,116,rx,-1,1069.05,1069.39,35157137,176,0,3,2,476.53,15.3548
node,63,rx,-1,907.887,1281.55,35157137,176,0,6,2,186.433,15.3548
node,86,rx,-1,883.714,1302.78,35157137,176,0,7,2,218.965,15.3548
node,114,rx,-1,1184.61,1001.93,35157137,176,0,6,2,895.605,15.3548
node,58,rx,-1,1164.69,981.199,35157137,176,0,10,2,866.559,15.3548
node,29,rx,-1,817.65,1338.99,35157137,176,1,10,2,852.907,15.3548
node,80,rx,-1,805.508,1353.63,35157137,176,0,8,2,873.091,15.3548
node,120,rx,-1,791.253,1357.48,35157137,176,1,4,2,350.215,15.3548
node,121,rx,-1,785.569,1356.25,35157137,176,0,2,2,355.01,15.3548
node,64,tx,-1,1385.58,821.604,35157137,176,0,1,1,835.642,15.5348
node,10,rx,-1,1333.64,829.875,35157137,176,0,12,4,1449.31,15.5544
node,79,rx,-1,1313.1,849.75,35157137,176,0,11,4,1477.9,15.5544
node,87,rx,-1,1302.67,864.431,35157137,176,0,7,4,1495.6,15.5544
node,23,rx,-1,1441.62,694.669,35157137,176,0,9,4,1254.48,15.5544
node,114,rx,-1,1184.61,1001.93,35157137,176,0,6,4,895.605,15.5544
node,58,rx,-1,1164.69,981.199,35157137,176,0,10,4,866.559,15.5544
node,80,tx,-1,805.508,1353.63,35157137,176,0,8,1,873.091,15.5685
node,120,rx,-1,791.253,1357.48,35157137,176,1,4,2,350.215,15.5688
node,29,rx,-1,817.65,1338.99,35157137,176,1,10,2,852.907,15.5688
node,121,rx,-1,785.569,1356.25,35157137,176,0,2,2,355.01,15.5688
node,12,rx,-1,831.542,1400.54,35157137,176,1,12,2,350.293,15.5688
node,34,rx,-1,767.837,1417.46,35157137,176,0,12,2,382.811,15.5688
node,32,rx,-1,847.016,1416.38,35157137,176,1,11,2,372.433,15.5688
node,50,rx,-1,739.636,1307.86,35157137,176,0,7,2,422.039,15.5688
node,86,rx,-1,883.714,1302.78,35157137,176,0,7,2,218.965,15.5688
node,63,rx,-1,907.887,1281.55,35157137,176,0,6,2,186.433,15.5688
node,54,rx,-1,720.527,1488.96,35157137,176,0,11,2,1037.76,15.5688
node,115,rx,-1,709.39,1516.27,35157137,176,0,5,2,1068.6,15.5688
node,127,rx,-1,701.45,1527.76,35157137,176,0,0,2,1081.65,15.5688
node,133,rx,-1,1012.35,1179.36,35157137,176,1,0,2,40.0807,15.5688
node,19,rx,-1,1020.16,1171.71,35157137,176,1,5,2,29.1456,15.5688
node,15,rx,-1,1021.94,1152.01,35157137,176,0,8,2,1897.5,15.5688
node,81,rx,-1,1034.35,1157.83,35157137,176,1,3,2,9.29885,15.5688
node,10,tx,-1,1333.64,829.875,35157137,176,0,12,1,1449.31,15.5781
node,79,rx,-1,1313.1,849.75,35157137,176,0,11,3,1477.9,15.5784
node,87,rx,-1,1302.67,864.431,35157137,176,0,7,3,1495.6,15.5784
node,64,rx,-1,1385.58,821.604,35157137,176,0,1,3,835.642,15.5784
node,23,rx,-1,1441.62,694.669,35157137,176,0,9,3,1254.48,15.5784
node,58,rx,-1,1164.69,981.199,35157137,176,0,10,3,866.559,15.5784
node,114,rx,-1,1184.61,1001.93,35157137,176,0,6,3,895.605,15.5784
node,90,tx,-1,1301.77,1317.45,35157137,176,1,4,1,665.175,15.704
node,50,tx,-1,739.636,1307.86,35157137,176,0,7,1,422.039,15.7331
node,86,tx,-1,883.714,1302.78,35157137,176,0,7,1,218.965,15.7338
node,89,tx,-1,1044.54,853.564,35157137,176,0,6,1,1226.86,15.7419
node,68,rx,-1,1327.99,1345.62,35157137,176,1,10,3,626.691,15.7544
node,57,rx,-1,1166.31,1363.44,35157137,176,0,7,3,293.5,15.7544
node,5,rx,-1,1459.26,1476.87,35157137,176,0,0,3,675.097,15.7544
node,1,rx,-1,1469.74,1472.17,35157137,176,0,0,3,675.263,15.7544
node,13,rx,-1,1134.7,1137.59,35157137,176,0,10,3,381.693,15.7544
node,109,rx,-1,724.665,1291.98,35157137,176,0,6,3,443.862,15.7544
node,128,rx,-1,715.44,1282.19,35157137,176,0,0,3,457.311,15.7544
node,121,rx,-1,785.569,1356.25,35157137,176,0,2,3,355.01,15.7544
node,12,rx,-1,831.542,1400.54,35157137,176,1,12,3,350.293,15.7544
node,32,rx,-1,847.016,1416.38,35157137,176,1,11,3,372.433,15.7544
node,56,rx,-1,868.33,1438.06,35157137,176,1,12,3,402.834,15.7544
node,63,rx,-1,907.887,1281.55,35157137,176,0,6,2,186.433,15.7545
node,29,rx,-1,817.65,1338.99,35157137,176,1,10,2,852.907,15.7545
node,133,rx,-1,1012.35,1179.36,35157137,176,1,0,2,40.0807,15.7545
node,19,rx,-1,1020.16,1171.71,35157137,176,1,5,2,29.1456,15.7545
node,15,rx,-1,1021.94,1152.01,35157137,176,0,8,2,1897.5,15.7545
node,81,rx,-1,1034.35,1157.83,35157137,176,1,3,2,9.29885,15.7545
node,60,rx,-1,1057.15,866.467,35157137,176,0,4,3,1245,15.7546
node,100,rx,-1,1067.43,876.98,35157137,176,0,8,3,1259.71,15.7546
node,77,rx,-1,1014.56,827.593,35157137,176,0,12,3,1187.33,15.7546
node,122,rx,-1,1087.06,868.254,35157137,176,0,2,3,758.165,15.7546
node,58,rx,-1,1164.69,981.199,35157137,176,0,10,3,866.559,15.7546
node,114,rx,-1,1184.61,1001.93,35157137,176,0,6,3,895.605,15.7546
node,116,tx,-1,1069.05,1069.39,35157137,176,0,3,1,476.53,15.7824
node,30,rx,-1,1075.28,1075.75,35157137,176,0,0,2,467.662,15.7826
node,78,rx,-1,1072.65,1077.79,35157137,176,0,4,2,468.016,15.7826
node,13,rx,-1,1134.7,1137.59,35157137,176,0,10,2,381.693,15.7826
node,81,rx,-1,1034.35,1157.83,35157137,176,1,3,2,9.29885,15.7826
node,15,rx,-1,1021.94,1152.01,35157137,176,0,8,2,1897.5,15.7826
node,59,rx,-1,994.273,993.382,35157137,176,0,8,2,583.361,15.7826
node,19,rx,-1,1020.16,1171.71,35157137,176,1,5,2,29.1456,15.7826
node,133,rx,-1,1012.35,1179.36,35157137,176,1,0,2,40.0807,15.7826
node,58,rx,-1,1164.69,981.199,35157137,176,0,10,2,866.559,15.7826
node,114,rx,-1,1184.61,1001.93,35157137,176,0,6,2,895.605,15.7826
node,63,rx,-1,907.887,1281.55,35157137,176,0,6,2,186.433,15.7826
node,86,rx,-1,883.714,1302.78,35157137,176,0,7,2,218.965,15.7826
node,87,rx,-1,1302.67,864.431,35157137,176,0,7,2,1495.6,15.7826
node,79,rx,-1,1313.1,849.75,35157137,176,0,11,2,1477.9,15.7826
node,90,rx,-1,1301.77,1317.45,35157137,176,1,4,2,665.175,15.7826
node,54,tx,-1,720.527,1488.96,35157137,176,0,11,1,1037.76,15.8188
node,115,rx,-1,709.39,1516.27,35157137,176,0,5,3,1068.6,15.8544
node,127,rx,-1,701.45,1527.76,35157137,176,0,0,3,1081.65,15.8544
node,34,rx,-1,767.837,1417.46,35157137,176,0,12,3,382.811,15.8544
node,121,rx,-1,785.569,1356.25,35157137,176,0,2,3,355.01,15.8544
node,120,rx,-1,791.253,1357.48,35157137,176,1,4,3,350.215,15.8544
node,80,rx,-1,805.508,1353.63,35157137,176,0,8,3,873.091,15.8544
node,29,rx,-1,817.65,1338.99,35157137,176,1,10,3,852.907,15.8544
node,17,rx,-1,602.533,1340.85,35157137,176,0,9,3,1061.86,15.8544
node,7,rx,-1,981.387,1500.24,35157137,176,0,9,3,585.39,15.8544
node,65,rx,-1,1010.25,1486.56,35157137,176,0,10,3,729.973,15.8544
node,98,rx,-1,1036.44,1487.01,35157137,176,0,8,3,756.167,15.8544
node,61,rx,-1,403.669,1471.89,35157137,176,1,11,3,836.389,15.8544
node,129,rx,-1,487.63,1255.69,35157137,176,0,0,3,1349.61,15.8544
node,118,rx,-1,481.763,1249.77,35157137,176,0,3,3,1341.27,15.8544
node,13,tx,-1,1134.7,1137.59,35157137,176,0,10,1,381.693,15.9163
node,30,rx,-1,1075.28,1075.75,35157137,176,0,0,3,467.662,15.9545
node,78,rx,-1,1072.65,1077.79,35157137,176,0,4,3,468.016,15.9545
node,116,rx,-1,1069.05,1069.39,35157137,176,0,3,3,476.53,15.9545
node,59,rx,-1,994.273,993.382,35157137,176,0,8,3,583.361,15.9545
node,90,rx,-1,1301.77,1317.45,35157137,176,1,4,3,665.175,15.9545
node,68,rx,-1,1327.99,1345.62,35157137,176,1,10,3,626.691,15.9545
node,12,tx,-1,823.743,1392.79,35157137,176,1,10,1,339.294,16.0059
node,32,rx,-1,839.382,1408.33,35157137,176,1,11,3,361.348,16.0544
node,120,rx,-1,796.392,1361.54,35157137,176,1,6,3,886.38,16.0544
node,80,rx,-1,810.005,1346.58,35157137,176,0,9,3,863.681,16.0544
node,56,rx,-1,859.465,1429.06,35157137,176,1,12,3,390.201,16.0544
node,121,rx,-1,788.001,1354.03,35157137,176,0,0,3,354.963,16.0544
node,134,rx,-1,782.61,1353.39,35157137,176,1,0,3,359.338,16.0544
node,29,rx,-1,825.605,1331.09,35157137,176,1,11,3,841.698,16.0544
node,50,rx,-1,745.337,1313.9,35157137,176,0,8,3,413.728,16.0544
node,109,rx,-1,729.957,1297.59,35157137,176,0,7,3,436.147,16.0544
node,128,rx,-1,716.074,1282.86,35157137,176,0,0,3,456.386,16.0544
node,100,tx,-1,1063.5,872.963,35157137,176,0,5,1,1254.09,16.0559
node,60,rx,-1,1052.3,861.505,35157137,176,0,7,3,1237.97,16.0561
node,122,rx,-1,1084.22,871.041,35157137,176,0,3,3,754.184,16.0561
node,89,rx,-1,1039.13,848.021,35157137,176,0,7,3,1219.11,16.0561
node,77,rx,-1,1006.09,818.925,35157137,176,0,12,3,1175.22,16.0561
node,58,rx,-1,1156.98,973.296,35157137,176,0,11,3,855.512,16.0561
node,114,rx,-1,1179.06,996.182,35157137,176,0,8,3,887.517,16.0561
node,127,tx,-1,702.695,1526.29,35157137,176,0,1,1,1079.87,16.2012
node,32,tx,-1,839.382,1408.33,35157137,176,1,11,1,361.348,16.2181
node,34,tx,-1,774.859,1409.48,35157137,176,0,10,1,372.092,16.2542
node,120,rx,-1,796.392,1361.54,35157137,176,1,6,3,886.38,16.2545
node,134,rx,-1,782.61,1353.39,35157137,176,1,0,3,359.338,16.2545
node,121,rx,-1,788.001,1354.03,35157137,176,0,0,3,354.963,16.2545
node,80,rx,-1,810.005,1346.58,35157137,176,0,9,3,863.681,16.2545
node,54,rx,-1,724.583,1477.45,35157137,176,0,12,3,1025.54,16.2545
node,29,rx,-1,825.605,1331.09,35157137,176,1,11,3,841.698,16.2545
node,115,rx,-1,710.529,1510.21,35157137,176,0,7,3,1061.08,16.2545
node,127,rx,-1,702.695,1526.29,35157137,176,0,1,3,1079.87,16.2545
node,86,rx,-1,890.323,1296.36,35157137,176,0,9,3,209.744,16.2545
node,63,rx,-1,913.206,1276.35,35157137,176,0,7,3,178.989,16.2545
node,133,rx,-1,1013.53,1178.21,35157137,176,1,1,3,38.4348,16.2545
node,19,rx,-1,1025.31,1166.67,35157137,176,1,7,3,21.9431,16.2545
node,115,rx,-1,710.529,1510.21,35157137,176,0,7,3,1061.08,16.2548
node,54,rx,-1,724.583,1477.45,35157137,176,0,12,3,1025.54,16.2548
node,34,rx,-1,774.859,1409.48,35157137,176,0,10,3,372.092,16.2548
node,17,rx,-1,599.098,1344.42,35157137,176,0,4,3,1056.91,16.2548
node,65,rx,-1,997.994,1486.35,35157137,176,0,12,3,717.713,16.2548
node,98,rx,-1,1025.45,1486.8,35157137,176,0,10,3,745.176,16.2548
node,129,rx,-1,487.481,1255.54,35157137,176,0,0,3,1349.4,16.2548
node,12,rx,-1,823.743,1392.79,35157137,176,1,10,3,339.294,16.2548
node,56,rx,-1,859.465,1429.06,35157137,176,1,12,3,390.201,16.2548
node,109,rx,-1,729.957,1297.59,35157137,176,0,7,3,436.147,16.2548
node,128,rx,-1,716.074,1282.86,35157137,176,0,0,3,456.386,16.2548
node,128,tx,-1,716.074,1282.86,35157137,176,0,0,1,456.386,16.3303
node,79,tx,-1,1321.92,841.218,35157137,176,0,12,1,1465.63,16.3438
node,87,rx,-1,1307.84,859.431,35157137,176,0,7,3,1488.41,16.3544
node,10,rx,-1,1341.48,822.29,35157137,176,0,10,3,1438.4,16.3544
node,64,rx,-1,1386.93,823,35157137,176,0,1,3,833.694,16.3544
node,114,rx,-1,1179.06,996.182,35157137,176,0,8,3,887.517,16.3544
node,58,rx,-1,1156.98,973.296,35157137,176,0,11,3,855.512,16.3544
node,30,rx,-1,1075.28,1075.76,35157137,176,0,0,3,467.662,16.3544
node,116,rx,-1,1069.77,1070.14,35157137,176,0,1,3,475.491,16.3544
node,78,rx,-1,1073.52,1078.71,35157137,176,0,1,3,466.719,16.3544
node,109,rx,-1,729.957,1297.59,35157137,176,0,7,3,436.147,16.3544
node,50,rx,-1,745.337,1313.9,35157137,176,0,8,3,413.728,16.3544
node,134,rx,-1,782.61,1353.39,35157137,176,1,0,3,359.338,16.3544
node,121,rx,-1,788.001,1354.03,35157137,176,0,0,3,354.963,16.3544
node,120,rx,-1,796.392,1361.54,35157137,176,1,6,3,886.38,16.3544
node,12,rx,-1,823.743,1392.79,35157137,176,1,10,3,339.294,16.3544
node,32,rx,-1,839.382,1408.33,35157137,176,1,11,3,361.348,16.3544
node,56,rx,-1,859.465,1429.06,35157137,176,1,12,3,390.201,16.3544
node,93,rx,-1,457.334,1225.1,35157137,176,0,8,3,1306.45,16.3544
node,26,rx,-1,442.278,1209.9,35157137,176,0,7,3,1285.06,16.3544
node,8,rx,-1,438.42,1215.38,35157137,176,0,10,3,1123.52,16.3544
node,133,tx,-1,1013.53,1178.21,35157137,176,1,1,1,38.4348,16.6452
node,19,rx,-1,1025.31,1166.67,35157137,176,1,7,3,21.9431,16.6546
node,81,rx,-1,1034.56,1157.62,35157137,176,1,0,3,9.00169,16.6546
node,15,rx,-1,1028.74,1145.28,35157137,176,0,9,3,1887.93,16.6546
node,78,rx,-1,1073.52,1078.71,35157137,176,0,1,3,466.719,16.6546
node,30,rx,-1,1075.28,1075.76,35157137,176,0,0,3,467.662,16.6546
node,116,rx,-1,1069.77,1070.14,35157137,176,0,1,3,475.491,16.6546
node,63,rx,-1,913.206,1276.35,35157137,176,0,7,3,178.989,16.6546
node,86,rx,-1,890.323,1296.36,35157137,176,0,9,3,209.744,16.6546
node,29,rx,-1,825.605,1331.09,35157137,176,1,11,3,841.698,16.6546
node,114,rx,-1,1179.06,996.182,35157137,176,0,8,3,887.517,16.6546
node,58,rx,-1,1156.98,973.296,35157137,176,0,11,3,855.512,16.6546
node,80,rx,-1,810.005,1346.58,35157137,176,0,9,3,863.681,16.6546
node,120,rx,-1,796.392,1361.54,35157137,176,1,6,3,886.38,16.6546
node,121,rx,-1,788.001,1354.03,35157137,176,0,0,3,354.963,16.6546
node,134,rx,-1,782.61,1353.39,35157137,176,1,0,3,359.338,16.6546
node,34,rx,-1,774.859,1409.48,35157137,176,0,10,3,372.092,16.6546
node,109,tx,-1,729.957,1297.59,35157137,176,0,7,1,436.147,16.6831
node,128,rx,-1,716.074,1282.86,35157137,176,0,0,3,456.386,16.6833
node,50,rx,-1,745.337,1313.9,35157137,176,0,8,3,413.728,16.6833
node,134,rx,-1,782.61,1353.39,35157137,176,1,0,3,359.338,16.6833
node,121,rx,-1,788.001,1354.03,35157137,176,0,0,3,354.963,16.6833
node,120,rx,-1,796.392,1361.54,35157137,176,1,6,3,886.38,16.6833
node,12,rx,-1,823.743,1392.79,35157137,176,1,10,3,339.294,16.6833
node,32,rx,-1,839.382,1408.33,35157137,176,1,11,3,361.348,16.6833
node,56,rx,-1,859.465,1429.06,35157137,176,1,12,3,390.201,16.6833
node,60,tx,-1,1052.3,861.505,35157137,176,0,7,1,1237.97,16.6872
node,100,rx,-1,1063.5,872.963,35157137,176,0,5,3,1254.09,16.6874
node,89,rx,-1,1039.13,848.021,35157137,176,0,7,3,1219.11,16.6874
node,122,rx,-1,1084.22,871.041,35157137,176,0,3,3,754.184,16.6874
node,77,rx,-1,1006.09,818.925,35157137,176,0,12,3,1175.22,16.6874
node,58,rx,-1,1156.98,973.296,35157137,176,0,11,3,855.512,16.6874
node,114,rx,-1,1179.06,996.182,35157137,176,0,8,3,887.517,16.6874
node,77,tx,-1,1006.09,818.925,35157137,176,0,12,1,1175.22,16.7035
node,118,tx,-1,477.172,1245.13,35157137,176,0,6,1,1334.75,16.7322
node,89,rx,-1,1039.13,848.021,35157137,176,0,7,3,1219.11,16.7545
node,60,rx,-1,1052.3,861.505,35157137,176,0,7,3,1237.97,16.7545
node,100,rx,-1,1063.5,872.963,35157137,176,0,5,3,1254.09,16.7545
node,122,rx,-1,1084.22,871.041,35157137,176,0,3,3,754.184,16.7545
node,58,rx,-1,1156.98,973.296,35157137,176,0,11,3,855.512,16.7545
node,114,rx,-1,1179.06,996.182,35157137,176,0,8,3,887.517,16.7545
node,129,rx,-1,487.481,1255.54,35157137,176,0,0,4,1349.4,16.7545
node,93,rx,-1,457.334,1225.1,35157137,176,0,8,4,1306.45,16.7545
node,102,rx,-1,458.263,1280.06,35157137,176,1,8,4,1025.99,16.7545
node,8,rx,-1,438.42,1215.38,35157137,176,0,10,4,1123.52,16.7545
node,26,rx,-1,442.278,1209.9,35157137,176,0,7,4,1285.06,16.7545
node,67,rx,-1,436.369,1293,35157137,176,1,8,4,1000.56,16.7545
node,17,rx,-1,599.098,1344.42,35157137,176,0,4,4,1056.91,16.7545
node,54,rx,-1,724.583,1477.45,35157137,176,0,12,4,1025.54,16.7545
node,23,tx,-1,1434.76,687.689,35157137,176,0,9,1,1244.6,16.7932
node,20,rx,-1,1386.2,638.243,35157137,176,0,11,4,1175.29,16.7935
node,112,rx,-1,1347.47,594.082,35157137,176,0,2,4,1651.99,16.7935
node,64,rx,-1,1386.93,823,35157137,176,0,1,4,833.694,16.7935
node,85,rx,-1,1337.47,579.054,35157137,176,0,8,4,1632.76,16.7935
node,24,rx,-1,1313.92,554.274,35157137,176,0,10,4,1598.57,16.7935
node,115,tx,-1,710.529,1510.21,35157137,176,0,7,1,1061.08,16.882
node,127,rx,-1,702.695,1526.29,35157137,176,0,1,3,1079.87,16.8822
node,54,rx,-1,724.583,1477.45,35157137,176,0,12,3,1025.54,16.8822
node,34,rx,-1,774.859,1409.48,35157137,176,0,10,3,372.092,16.8822
node,120,rx,-1,796.392,1361.54,35157137,176,1,6,3,886.38,16.8822
node,134,rx,-1,782.61,1353.39,35157137,176,1,0,3,359.338,16.8822
node,121,rx,-1,788.001,1354.03,35157137,176,0,0,3,354.963,16.8822
node,80,rx,-1,810.005,1346.58,35157137,176,0,9,3,863.681,16.8822
node,17,rx,-1,599.098,1344.42,35157137,176,0,4,3,1056.91,16.8822
node,29,rx,-1,825.605,1331.09,35157137,176,1,11,3,841.698,16.8822
node,7,rx,-1,993.921,1500.35,35157137,176,0,12,3,572.844,16.8822
node,65,rx,-1,997.994,1486.35,35157137,176,0,12,3,717.713,16.8822
node,98,rx,-1,1025.45,1486.8,35157137,176,0,10,3,745.176,16.8822
node,129,rx,-1,487.481,1255.54,35157137,176,0,0,3,1349.4,16.8822
node,56,tx,-1,859.465,1429.06,35157137,176,1,12,1,390.201,16.9233
node,32,rx,-1,839.382,1408.33,35157137,176,1,11,3,361.348,16.9545
node,12,rx,-1,823.743,1392.79,35157137,176,1,10,3,339.294,16.9545
node,120,rx,-1,796.392,1361.54,35157137,176,1,6,3,886.38,16.9545
node,121,rx,-1,788.001,1354.03,35157137,176,0,0,3,354.963,16.9545
node,134,rx,-1,782.61,1353.39,35157137,176,1,0,3,359.338,16.9545
node,50,rx,-1,745.337,1313.9,35157137,176,0,8,3,413.728,16.9545
node,109,rx,-1,729.957,1297.59,35157137,176,0,7,3,436.147,16.9545
node,128,rx,-1,716.074,1282.86,35157137,176,0,0,3,456.386,16.9545
node,17,tx,-1,595.115,1348.25,35157137,176,0,5,1,1051.39,17.088
node,129,rx,-1,487.056,1255.11,35157137,176,0,0,4,1348.8,17.0882
node,118,rx,-1,472.009,1239.92,35157137,176,0,7,4,1327.31,17.0882
node,54,rx,-1,726.515,1465.79,35157137,176,0,11,4,1013.79,17.0882
node,93,rx,-1,450.295,1217.99,35157137,176,0,10,4,1296.45,17.0882
node,8,rx,-1,445.949,1222.98,35157137,176,0,10,4,1112.82,17.0882
node,115,rx,-1,714.485,1502.29,35157137,176,0,8,4,1052.29,17.0882
node,127,rx,-1,704.142,1524.58,35157137,176,0,2,4,1077.79,17.0882
node,26,rx,-1,436.684,1204.14,35157137,176,0,8,4,1277.03,17.0882
node,8,tx,-1,445.949,1222.98,35157137,176,0,10,1,1112.82,17.1273
node,93,rx,-1,450.295,1217.99,35157137,176,0,10,4,1296.45,17.1544
node,26,rx,-1,436.684,1204.14,35157137,176,0,8,4,1277.03,17.1544
node,118,rx,-1,472.009,1239.92,35157137,176,0,7,4,1327.31,17.1544
node,129,rx,-1,487.056,1255.11,35157137,176,0,0,4,1348.8,17.1544
node,102,rx,-1,451.457,1284.08,35157137,176,1,7,4,1018.09,17.1544
node,17,rx,-1,595.115,1348.25,35157137,176,0,5,4,1051.39,17.1544
node,42,rx,-1,218.62,958.557,35157137,176,1,10,4,1153.59,17.1544
node,122,tx,-1,1080.4,874.788,35157137,176,0,5,1,748.831,17.2077
node,137,rx,-1,1089.54,865.82,35157137,176,0,0,4,761.741,17.2546
node,100,rx,-1,1059.66,869.03,35157137,176,0,5,4,1248.59,17.2546
node,60,rx,-1,1046.51,855.576,35157137,176,0,8,4,1229.68,17.2546
node,89,rx,-1,1030.91,844.321,35157137,176,0,8,4,1210.72,17.2546
node,77,rx,-1,997.954,810.601,35157137,176,0,11,4,1163.58,17.2546
node,58,rx,-1,1148.24,964.359,35157137,176,0,12,4,842.918,17.2546
node,114,rx,-1,1173,989.902,35157137,176,0,8,4,878.66,17.2546
node,62,rx,-1,1298.24,662.195,35157137,176,0,11,4,1054.2,17.2546
node,111,rx,-1,1319.76,645.829,35157137,176,0,11,4,1081.04,17.2546
node,61,tx,-1,426.75,1472.7,35157137,176,1,11,1,813.297,17.2935
node,54,rx,-1,726.515,1465.79,35157137,176,0,11,4,1013.79,17.2937
node,22,tx,-1,1317.88,1137.14,35157137,176,0,11,1,501.255,17.4023
node,7,tx,-1,1006.4,1500.32,35157137,176,0,12,1,560.356,17.4213
node,114,rx,-1,1173,989.902,35157137,176,0,8,3,878.66,17.4544
node,58,rx,-1,1148.24,964.359,35157137,176,0,12,3,842.918,17.4544
node,98,rx,-1,1012.73,1486.61,35157137,176,0,12,4,732.457,17.4544
node,65,rx,-1,985.777,1486.14,35157137,176,0,12,4,705.491,17.4544
node,4,rx,-1,1076.57,1501.59,35157137,176,0,5,4,490.259,17.4544
node,115,rx,-1,714.485,1502.29,35157137,176,0,8,4,1052.29,17.4544
node,26,tx,-1,436.684,1204.14,35157137,176,0,8,1,1277.03,17.5578
node,93,rx,-1,450.295,1217.99,35157137,176,0,10,4,1296.45,17.558
node,8,rx,-1,445.949,1222.98,35157137,176,0,10,4,1112.82,17.558
node,118,rx,-1,472.009,1239.92,35157137,176,0,7,4,1327.31,17.558
node,129,rx,-1,487.056,1255.11,35157137,176,0,0,4,1348.8,17.558
node,102,rx,-1,451.457,1284.08,35157137,176,1,7,4,1018.09,17.558
node,17,rx,-1,595.115,1348.25,35157137,176,0,5,4,1051.39,17.558
node,42,rx,-1,218.62,958.557,35157137,176,1,10,4,1153.59,17.558
node,102,tx,-1,451.457,1284.08,35157137,176,1,7,1,1018.09,17.6365
node,67,rx,-1,429.52,1297.05,35157137,176,1,7,5,992.603,17.6545
node,129,rx,-1,487.056,1255.11,35157137,176,0,0,5,1348.8,17.6545
node,118,rx,-1,472.009,1239.92,35157137,176,0,7,5,1327.31,17.6545
node,8,rx,-1,445.949,1222.98,35157137,176,0,10,5,1112.82,17.6545
node,93,rx,-1,450.295,1217.99,35157137,176,0,10,5,1296.45,17.6545
node,26,rx,-1,436.684,1204.14,35157137,176,0,8,5,1277.03,17.6545
node,31,rx,-1,357.524,1341.02,35157137,176,0,5,5,1154.67,17.6545
node,68,tx,-1,1347.04,1361.25,35157137,176,1,11,1,602.272,17.7119
node,90,rx,-1,1312.04,1328.48,35157137,176,1,7,4,650.11,17.7546
node,5,rx,-1,1459.33,1476.95,35157137,176,0,0,4,674.993,17.7546
node,1,rx,-1,1469.74,1472.17,35157137,176,0,0,4,675.262,17.7546
node,105,rx,-1,1475.08,1466.88,35157137,176,0,0,4,682.773,17.7546
node,13,rx,-1,1151.19,1154.66,35157137,176,0,11,4,357.962,17.7546
node,57,tx,-1,1152.52,1353.6,35157137,176,0,7,1,276.871,17.7725
node,101,rx,-1,1167.72,1364.93,35157137,176,0,10,4,295.551,17.7727
node,20,tx,-1,1377.9,629.796,35157137,176,0,11,1,1163.45,17.9452
node,48,rx,-1,1381.82,584.752,35157137,176,0,11,5,1167.1,17.9544
node,112,rx,-1,1345.15,591.716,35157137,176,0,3,5,1648.67,17.9544
node,23,rx,-1,1427.31,680.099,35157137,176,0,10,5,1233.96,17.9544
node,85,rx,-1,1329.88,571.063,35157137,176,0,11,5,1621.73,17.9544
node,24,rx,-1,1305.47,545.394,35157137,176,0,12,5,1586.31,17.9544
node,35,rx,-1,1384.63,442.202,35157137,176,0,10,5,1375.37,17.9544
node,27,rx,-1,1329.42,385.278,35157137,176,0,12,5,1454.71,17.9544
node,106,rx,-1,1299.18,354.653,35157137,176,0,9,5,1497.73,17.9544
node,76,rx,-1,1220.66,373.344,35157137,176,0,10,5,1463.36,17.9544
node,124,rx,-1,1275.39,330.569,35157137,176,0,2,5,1531.57,17.9544
node,62,tx,-1,1290.35,669.879,35157137,176,0,11,1,1043.19,18.0568
node,111,rx,-1,1311.99,653.401,35157137,176,0,10,5,1070.19,18.057
node,48,rx,-1,1374.84,591.623,35157137,176,0,9,5,1157.3,18.057
node,88,rx,-1,1393.16,573.662,35157137,176,0,10,5,1182.96,18.057
node,137,rx,-1,1088.07,867.264,35157137,176,0,2,5,759.578,18.057
node,122,rx,-1,1075.83,879.272,35157137,176,0,6,5,742.427,18.057
node,65,tx,-1,974.841,1485.95,35157137,176,0,10,1,694.55,18.216
node,98,rx,-1,1002.24,1486.43,35157137,176,0,10,4,721.962,18.2546
node,7,rx,-1,1017.98,1500.45,35157137,176,0,11,4,548.847,18.2546
node,4,rx,-1,1083.43,1501.78,35157137,176,0,6,4,483.392,18.2546
node,115,rx,-1,718.011,1494.51,35157137,176,0,8,4,1043.81,18.2546
node,127,rx,-1,705.864,1522.55,35157137,176,0,2,4,1075.32,18.2546
node,111,tx,-1,1311.99,653.401,35157137,176,0,10,1,1070.19,18.3071
node,134,tx,-1,786.169,1356.89,35157137,176,1,3,1,354.134,18.348
node,5,tx,-1,1459.34,1476.95,35157137,176,0,0,1,674.986,18.3483
node,121,rx,-1,789.805,1355.95,35157137,176,0,2,4,352.324,18.3545
node,120,rx,-1,805.505,1350.97,35157137,176,1,8,4,870.208,18.3545
node,34,rx,-1,791.601,1395.19,35157137,176,0,10,4,349.481,18.3545
node,50,rx,-1,758.151,1327.5,35157137,176,0,10,4,395.047,18.3545
node,12,rx,-1,816.764,1385.45,35157137,176,1,2,4,329.134,18.3545
node,80,rx,-1,825.614,1331.08,35157137,176,0,10,4,841.685,18.3545
node,32,rx,-1,826.292,1395.32,35157137,176,1,8,4,342.889,18.3545
node,109,rx,-1,743.279,1311.72,35157137,176,0,10,4,416.728,18.3545
node,29,rx,-1,841.193,1315.62,35157137,176,1,11,4,819.732,18.3545
node,56,rx,-1,843.058,1412.19,35157137,176,1,12,4,366.669,18.3545
node,128,rx,-1,719.575,1286.58,35157137,176,0,2,4,451.282,18.3545
node,54,rx,-1,730.034,1454.28,35157137,176,0,12,4,1001.67,18.3545
node,86,rx,-1,905.15,1283.94,35157137,176,0,9,4,190.174,18.3545
node,115,rx,-1,718.011,1494.51,35157137,176,0,8,4,1043.81,18.3545
node,63,rx,-1,922.998,1266.77,35157137,176,0,7,4,165.093,18.3545
node,127,rx,-1,705.864,1522.55,35157137,176,0,2,4,1075.32,18.3545
node,138,rx,-1,1012.35,1179.36,35157137,176,1,0,4,40.0807,18.3545
node,133,rx,-1,1018.28,1173.55,35157137,176,1,4,4,31.7812,18.3545
node,19,rx,-1,1029.21,1162.85,35157137,176,1,2,4,16.4817,18.3545
node,81,rx,-1,1035.52,1156.68,35157137,176,1,0,4,7.65438,18.3545
node,15,rx,-1,1044.01,1130.14,35157137,176,0,10,4,1866.44,18.3545
node,1,rx,-1,1469.74,1472.17,35157137,176,0,0,4,675.262,18.3545
node,105,rx,-1,1475.08,1466.88,35157137,176,0,0,4,682.768,18.3545
node,74,rx,-1,1491.61,1450.46,35157137,176,0,11,4,706.173,18.3545
node,68,rx,-1,1354.31,1369.06,35157137,176,1,10,4,591.503,18.3545
node,90,rx,-1,1317.24,1334.06,35157137,176,1,7,4,642.476,18.3545
node,36,rx,-1,1649.88,1293.57,35157137,176,0,6,4,929.253,18.3545
node,107,rx,-1,1663.35,1280.24,35157137,176,0,6,4,948.199,18.3545
node,126,rx,-1,1689.89,1253.94,35157137,176,0,2,4,985.765,18.3545
node,62,rx,-1,1290.35,669.879,35157137,176,0,11,5,1043.19,18.3546
node,48,rx,-1,1374.84,591.623,35157137,176,0,9,5,1157.3,18.3546
node,88,rx,-1,1393.16,573.662,35157137,176,0,10,5,1182.96,18.3546
node,137,rx,-1,1088.07,867.264,35157137,176,0,2,5,759.578,18.3546
node,122,rx,-1,1075.83,879.272,35157137,176,0,6,5,742.427,18.3546
node,24,tx,-1,1297.57,537.078,35157137,176,0,11,1,1574.84,18.4252
node,85,rx,-1,1321.58,562.34,35157137,176,0,12,5,1609.69,18.4544
node,112,rx,-1,1341.88,588.393,35157137,176,0,4,5,1644.02,18.4544
node,48,rx,-1,1374.84,591.623,35157137,176,0,9,5,1157.3,18.4544
node,88,rx,-1,1393.16,573.662,35157137,176,0,10,5,1182.96,18.4544
node,20,rx,-1,1369.83,621.574,35157137,176,0,11,5,1151.83,18.4544
node,35,rx,-1,1393.65,451.445,35157137,176,0,12,5,1362.45,18.4544
node,27,rx,-1,1337.52,393.491,35157137,176,0,11,5,1443.17,18.4544
node,106,rx,-1,1306.82,362.397,35157137,176,0,10,5,1486.85,18.4544
node,76,rx,-1,1212.82,380.957,35157137,176,0,10,5,1452.45,18.4544
node,23,rx,-1,1420.02,672.679,35157137,176,0,10,5,1223.56,18.4544
node,124,rx,-1,1277.78,332.987,35157137,176,0,3,5,1528.18,18.4544
node,1,tx,-1,1469.74,1472.17,35157137,176,0,0,1,675.262,18.4823
node,105,rx,-1,1475.08,1466.88,35157137,176,0,0,4,682.768,18.4825
node,5,rx,-1,1459.34,1476.95,35157137,176,0,0,4,674.986,18.4825
node,74,rx,-1,1491.61,1450.46,35157137,176,0,11,4,706.173,18.4825
node,68,rx,-1,1354.31,1369.06,35157137,176,1,10,4,591.503,18.4825
node,90,rx,-1,1317.24,1334.06,35157137,176,1,7,4,642.476,18.4825
node,36,rx,-1,1649.88,1293.57,35157137,176,0,6,4,929.253,18.4825
node,107,rx,-1,1663.35,1280.24,35157137,176,0,6,4,948.199,18.4825
node,126,rx,-1,1689.89,1253.94,35157137,176,0,2,4,985.765,18.4825
node,112,tx,-1,1341.88,588.393,35157137,176,0,4,1,1644.02,18.496
node,85,rx,-1,1321.58,562.34,35157137,176,0,12,5,1609.69,18.4962
node,48,rx,-1,1374.84,591.623,35157137,176,0,9,5,1157.3,18.4962
node,20,rx,-1,1369.83,621.574,35157137,176,0,11,5,1151.83,18.4962
node,88,rx,-1,1393.16,573.662,35157137,176,0,10,5,1182.96,18.4962
node,24,rx,-1,1297.57,537.078,35157137,176,0,11,5,1574.84,18.4962
node,23,rx,-1,1420.02,672.679,35157137,176,0,10,5,1223.56,18.4962
node,35,rx,-1,1393.65,451.445,35157137,176,0,12,5,1362.45,18.4962
node,27,rx,-1,1337.52,393.491,35157137,176,0,11,5,1443.17,18.4962
node,106,rx,-1,1306.82,362.397,35157137,176,0,10,5,1486.85,18.4962
node,76,rx,-1,1212.82,380.957,35157137,176,0,10,5,1452.45,18.4962
node,124,rx,-1,1277.78,332.987,35157137,176,0,3,5,1528.18,18.4962
node,129,tx,-1,486.392,1254.44,35157137,176,0,0,1,1347.85,18.605
node,4,tx,-1,1083.43,1501.78,35157137,176,0,6,1,483.392,18.6066
node,7,rx,-1,1017.98,1500.45,35157137,176,0,11,5,548.847,18.6544
node,98,rx,-1,1002.24,1486.43,35157137,176,0,10,5,721.962,18.6544
node,65,rx,-1,974.841,1485.95,35157137,176,0,10,5,694.55,18.6544
node,118,rx,-1,466.717,1234.57,35157137,176,0,7,4,1319.79,18.6544
node,8,rx,-1,455.097,1232.22,35157137,176,0,12,4,1099.82,18.6544
node,102,rx,-1,444.344,1288.28,35157137,176,1,8,4,1009.82,18.6544
node,93,rx,-1,445.174,1212.82,35157137,176,0,7,4,1289.17,18.6544
node,67,rx,-1,422.3,1301.31,35157137,176,1,8,4,984.215,18.6544
node,26,rx,-1,430.032,1197.27,35157137,176,0,9,4,1267.47,18.6544
node,17,rx,-1,589.38,1351.96,35157137,176,0,6,4,1044.53,18.6544
node,31,rx,-1,353.457,1343.58,35157137,176,0,4,4,1149.86,18.6544
node,115,rx,-1,718.011,1494.51,35157137,176,0,8,4,1043.81,18.6544
node,127,rx,-1,705.864,1522.55,35157137,176,0,2,4,1075.32,18.6544
node,48,tx,-1,1374.84,591.623,35157137,176,0,9,1,1157.3,18.7017
node,88,rx,-1,1393.16,573.662,35157137,176,0,10,6,1182.96,18.7544
node,20,rx,-1,1369.83,621.574,35157137,176,0,11,6,1151.83,18.7544
node,112,rx,-1,1341.88,588.393,35157137,176,0,4,6,1644.02,18.7544
node,85,rx,-1,1321.58,562.34,35157137,176,0,12,6,1609.69,18.7544
node,111,rx,-1,1311.99,653.401,35157137,176,0,10,6,1070.19,18.7544
node,23,rx,-1,1420.02,672.679,35157137,176,0,10,6,1223.56,18.7544
node,24,rx,-1,1297.57,537.078,35157137,176,0,11,6,1574.84,18.7544
node,62,rx,-1,1290.35,669.879,35157137,176,0,11,6,1043.19,18.7544
node,35,rx,-1,1393.65,451.445,35157137,176,0,12,6,1362.45,18.7544
node,27,rx,-1,1337.52,393.491,35157137,176,0,11,6,1443.17,18.7544
node,106,rx,-1,1306.82,362.397,35157137,176,0,10,6,1486.85,18.7544
node,76,rx,-1,1212.82,380.957,35157137,176,0,10,6,1452.45,18.7544
node,124,rx,-1,1277.78,332.987,35157137,176,0,3,6,1528.18,18.7544
node,98,tx,-1,1002.24,1486.43,35157137,176,0,10,1,721.962,18.7918
node,7,rx,-1,1017.98,1500.45,35157137,176,0,11,4,548.847,18.792
node,65,rx,-1,974.841,1485.95,35157137,176,0,10,4,694.55,18.792
node,4,rx,-1,1083.43,1501.78,35157137,176,0,6,4,483.392,18.792
node,115,rx,-1,718.011,1494.51,35157137,176,0,8,4,1043.81,18.792
node,127,rx,-1,705.864,1522.55,35157137,176,0,2,4,1075.32,18.792
node,93,tx,-1,445.174,1212.82,35157137,176,0,7,1,1289.17,18.9445
node,26,rx,-1,430.032,1197.27,35157137,176,0,9,4,1267.47,18.9545
node,8,rx,-1,455.097,1232.22,35157137,176,0,12,4,1099.82,18.9545
node,118,rx,-1,466.717,1234.57,35157137,176,0,7,4,1319.79,18.9545
node,129,rx,-1,486.392,1254.44,35157137,176,0,0,4,1347.85,18.9545
node,102,rx,-1,444.344,1288.28,35157137,176,1,8,4,1009.82,18.9545
node,17,rx,-1,589.38,1351.96,35157137,176,0,6,4,1044.53,18.9545
node,42,rx,-1,226.107,966.325,35157137,176,1,10,4,1142.79,18.9545
node,107,tx,-1,1663.35,1280.24,35157137,176,0,6,1,948.199,18.9732
node,36,rx,-1,1649.88,1293.57,35157137,176,0,6,5,929.253,18.9735
node,126,rx,-1,1689.89,1253.94,35157137,176,0,2,5,985.765,18.9735
node,51,rx,-1,1798.86,1149.15,35157137,176,0,8,5,1137.06,18.9735
node,74,rx,-1,1491.61,1450.46,35157137,176,0,11,5,706.173,18.9735
node,21,rx,-1,1852.65,1096.11,35157137,176,1,0,5,1250.06,18.9735
node,105,rx,-1,1475.08,1466.88,35157137,176,0,0,5,682.768,18.9735
node,1,rx,-1,1469.74,1472.17,35157137,176,0,0,5,675.262,18.9735
node,5,rx,-1,1459.34,1476.95,35157137,176,0,0,5,674.986,18.9735
node,126,tx,-1,1686.95,1256.85,35157137,176,0,4,1,981.63,19.0116
node,31,tx,-1,349.725,1345.94,35157137,176,0,4,1,1145.45,19.0369
node,101,tx,-1,1153.54,1349.87,35157137,176,0,9,1,274.85,19.0373
node,57,rx,-1,1140.42,1340.66,35157137,176,0,9,5,259.153,19.0545
node,40,rx,-1,1279.06,1468.74,35157137,176,0,12,5,448.198,19.0545
node,107,rx,-1,1660.54,1283.03,35157137,176,0,3,5,944.237,19.0545
node,36,rx,-1,1643.66,1299.73,35157137,176,0,8,5,920.502,19.0545
node,51,rx,-1,1793.1,1154.82,35157137,176,0,8,5,1128.98,19.0545
node,21,rx,-1,1852.65,1096.11,35157137,176,1,0,5,1250.06,19.0545
node,74,rx,-1,1486.26,1455.77,35157137,176,0,7,5,698.64,19.0545
node,105,rx,-1,1475.08,1466.88,35157137,176,0,0,5,682.766,19.0545
node,1,rx,-1,1469.74,1472.17,35157137,176,0,0,5,675.262,19.0545
node,5,rx,-1,1459.34,1476.95,35157137,176,0,0,5,674.984,19.0545
node,67,rx,-1,414.543,1305.9,35157137,176,1,9,6,975.205,19.0546
node,102,rx,-1,436.988,1292.63,35157137,176,1,8,6,1001.28,19.0546
node,129,rx,-1,484.607,1252.64,35157137,176,0,2,6,1345.32,19.0546
node,74,tx,-1,1486.26,1455.77,35157137,176,0,7,1,698.64,19.0732
node,105,rx,-1,1475.08,1466.88,35157137,176,0,0,5,682.766,19.0734
node,1,rx,-1,1469.74,1472.17,35157137,176,0,0,5,675.262,19.0734
node,5,rx,-1,1459.34,1476.95,35157137,176,0,0,5,674.984,19.0734
node,36,rx,-1,1643.66,1299.73,35157137,176,0,8,5,920.502,19.0734
node,107,rx,-1,1660.54,1283.03,35157137,176,0,3,5,944.237,19.0734
node,126,rx,-1,1686.95,1256.85,35157137,176,0,4,5,981.63,19.0734
node,105,tx,-1,1475.08,1466.88,35157137,176,0,0,1,682.766,19.2249
node,1,rx,-1,1469.74,1472.17,35157137,176,0,0,5,675.262,19.2543
node,74,rx,-1,1486.26,1455.77,35157137,176,0,7,5,698.64,19.2543
node,5,rx,-1,1459.34,1476.95,35157137,176,0,0,5,674.984,19.2543
node,68,rx,-1,1363.13,1378.54,35157137,176,1,12,5,578.565,19.2543
node,90,rx,-1,1322.79,1340.03,35157137,176,1,8,5,634.33,19.2543
node,36,rx,-1,1643.66,1299.73,35157137,176,0,8,5,920.502,19.2543
node,107,rx,-1,1660.54,1283.03,35157137,176,0,3,5,944.237,19.2543
node,126,rx,-1,1686.95,1256.85,35157137,176,0,4,5,981.63,19.2543
node,85,tx,-1,1313.05,553.366,35157137,176,0,12,1,1597.31,19.3472
node,24,rx,-1,1289.56,528.656,35157137,176,0,11,5,1563.21,19.3545
node,112,rx,-1,1340.97,583.945,35157137,176,0,4,5,1639.08,19.3545
node,48,rx,-1,1370.57,595.818,35157137,176,0,5,5,1151.32,19.3545
node,88,rx,-1,1385.72,580.936,35157137,176,0,10,5,1172.56,19.3545
node,20,rx,-1,1362.15,613.752,35157137,176,0,10,5,1140.88,19.3545
node,35,rx,-1,1402.36,460.358,35157137,176,0,12,5,1349.99,19.3545
node,23,rx,-1,1412.12,664.631,35157137,176,0,11,5,1212.28,19.3545
node,27,rx,-1,1345.69,401.946,35157137,176,0,11,5,1431.35,19.3545
node,106,rx,-1,1314.42,370.089,35157137,176,0,10,5,1476.05,19.3545
node,76,rx,-1,1203.59,389.929,35157137,176,0,12,5,1439.59,19.3545
node,124,rx,-1,1281.36,336.613,35157137,176,0,5,5,1523.08,19.3545
node,42,tx,-1,234.236,974.619,35157137,176,1,11,1,1131.17,19.3927
node,84,rx,-1,215.093,954.897,35157137,176,1,10,5,1158.67,19.3929
node,110,rx,-1,192.462,931.416,35157137,176,1,9,5,1191.31,19.3929
node,26,rx,-1,423.42,1190.44,35157137,176,0,9,5,1257.96,19.3929
node,93,rx,-1,439.883,1207.44,35157137,176,0,7,5,1281.63,19.3929
node,118,rx,-1,460.152,1227.94,35157137,176,0,9,5,1310.46,19.3929
node,88,tx,-1,1385.72,580.936,35157137,176,0,10,1,1172.56,19.4263
node,124,tx,-1,1281.36,336.613,35157137,176,0,5,1,1523.08,19.4402
node,48,rx,-1,1370.57,595.818,35157137,176,0,5,6,1151.32,19.4544
node,20,rx,-1,1362.15,613.752,35157137,176,0,10,6,1140.88,19.4544
node,112,rx,-1,1340.97,583.945,35157137,176,0,4,6,1639.08,19.4544
node,85,rx,-1,1313.05,553.366,35157137,176,0,12,6,1597.31,19.4544
node,24,rx,-1,1289.56,528.656,35157137,176,0,11,6,1563.21,19.4544
node,111,rx,-1,1303.17,661.994,35157137,176,0,12,6,1057.88,19.4544
node,35,rx,-1,1402.36,460.358,35157137,176,0,12,6,1349.99,19.4544
node,62,rx,-1,1282.47,677.556,35157137,176,0,11,6,1032.19,19.4544
node,27,rx,-1,1345.69,401.946,35157137,176,0,11,6,1431.35,19.4544
node,106,rx,-1,1314.42,370.089,35157137,176,0,10,6,1476.05,19.4544
node,76,rx,-1,1203.59,389.929,35157137,176,0,12,6,1439.59,19.4544
node,124,rx,-1,1281.36,336.613,35157137,176,0,5,6,1523.08,19.4544
node,106,rx,-1,1314.42,370.089,35157137,176,0,10,6,1476.05,19.4547
node,27,rx,-1,1345.69,401.946,35157137,176,0,11,6,1431.35,19.4547
node,76,rx,-1,1203.59,389.929,35157137,176,0,12,6,1439.59,19.4547
node,35,rx,-1,1402.36,460.358,35157137,176,0,12,6,1349.99,19.4547
node,24,rx,-1,1289.56,528.656,35157137,176,0,11,6,1563.21,19.4547
node,85,rx,-1,1313.05,553.366,35157137,176,0,12,6,1597.31,19.4547
node,112,rx,-1,1340.97,583.945,35157137,176,0,4,6,1639.08,19.4547
node,88,rx,-1,1385.72,580.936,35157137,176,0,10,6,1172.56,19.4547
node,48,rx,-1,1370.57,595.818,35157137,176,0,5,6,1151.32,19.4547
node,20,rx,-1,1362.15,613.752,35157137,176,0,10,6,1140.88,19.4547
node,67,tx,-1,414.543,1305.9,35157137,176,1,9,1,975.205,19.8355
node,102,rx,-1,436.988,1292.63,35157137,176,1,8,5,1001.28,19.8544
node,31,rx,-1,349.725,1345.94,35157137,176,0,4,5,1145.45,19.8544
node,129,rx,-1,484.607,1252.64,35157137,176,0,2,5,1345.32,19.8544
node,76,tx,-1,1203.59,389.929,35157137,176,0,12,1,1439.59,19.9212
node,124,rx,-1,1281.36,336.613,35157137,176,0,5,6,1523.08,19.9546
node,106,rx,-1,1314.42,370.089,35157137,176,0,10,6,1476.05,19.9546
node,27,rx,-1,1345.69,401.946,35157137,176,0,11,6,1431.35,19.9546
node,24,rx,-1,1289.56,528.656,35157137,176,0,11,6,1563.21,19.9546
node,85,rx,-1,1313.05,553.366,35157137,176,0,12,6,1597.31,19.9546
node,35,rx,-1,1402.36,460.358,35157137,176,0,12,6,1349.99,19.9546
node,112,rx,-1,1340.97,583.945,35157137,176,0,4,6,1639.08,19.9546
node,88,rx,-1,1385.72,580.936,35157137,176,0,10,6,1172.56,19.9546
node,48,rx,-1,1370.57,595.818,35157137,176,0,5,6,1151.32,19.9546
node,20,rx,-1,1362.15,613.752,35157137,176,0,10,6,1140.88,19.9546
node,108,rx,-1,966.55,614.456,35157137,176,0,9,6,1112.85,19.9546
node,123,rx,-1,960.596,615.838,35157137,176,0,4,6,1107.59,19.9546
node,23,rx,-1,1412.12,664.631,35157137,176,0,11,6,1212.28,19.9546
node,106,tx,-1,1314.42,370.089,35157137,176,0,10,1,1476.05,19.9897
node,27,rx,-1,1345.69,401.946,35157137,176,0,11,6,1431.35,19.9899
node,124,rx,-1,1281.36,336.613,35157137,176,0,5,6,1523.08,19.9899
node,76,rx,-1,1203.59,389.929,35157137,176,0,12,6,1439.59,19.9899
node,35,rx,-1,1402.36,460.358,35157137,176,0,12,6,1349.99,19.9899
node,24,rx,-1,1289.56,528.656,35157137,176,0,11,6,1563.21,19.9899
node,85,rx,-1,1313.05,553.366,35157137,176,0,12,6,1597.31,19.9899
node,112,rx,-1,1340.97,583.945,35157137,176,0,4,6,1639.08,19.9899
node,88,rx,-1,1385.72,580.936,35157137,176,0,10,6,1172.56,19.9899
node,48,rx,-1,1370.57,595.818,35157137,176,0,5,6,1151.32,19.9899
node,20,rx,-1,1362.15,613.752,35157137,176,0,10,6,1140.88,19.9899
node,138,tx,-1,1014.5,1177.25,35157137,176,1,2,1,37.0713,20.0595
node,133,rx,-1,1022.99,1168.95,35157137,176,1,2,5,25.1924,20.0597
node,19,rx,-1,1030.06,1162.02,35157137,176,1,0,5,15.2948,20.0597
node,81,rx,-1,1035.63,1156.57,35157137,176,1,0,5,7.50383,20.0597
node,15,rx,-1,1061.33,1113.1,35157137,176,0,12,5,1841.99,20.0597
node,63,rx,-1,933.3,1256.69,35157137,176,0,7,5,150.682,20.0597
node,78,rx,-1,1073.56,1078.75,35157137,176,0,0,5,466.662,20.0597
node,30,rx,-1,1075.28,1075.76,35157137,176,0,0,5,467.662,20.0597
node,116,rx,-1,1069.99,1070.36,35157137,176,0,0,5,475.188,20.0597
node,86,rx,-1,917.585,1272.06,35157137,176,0,9,5,172.666,20.0597
node,29,rx,-1,857.898,1299.03,35157137,176,1,12,5,796.192,20.0597
node,80,rx,-1,841.548,1315.26,35157137,176,0,12,5,819.231,20.0597
node,120,rx,-1,821.017,1335.65,35157137,176,1,11,5,848.164,20.0597
node,121,rx,-1,797.577,1361.73,35157137,176,0,6,5,885.174,20.0597
node,134,rx,-1,792.073,1358.35,35157137,176,1,0,5,349.022,20.0597
node,34,rx,-1,808.62,1380.2,35157137,176,0,12,5,326.729,20.0597
node,137,tx,-1,1081.13,874.073,35157137,176,0,5,1,749.853,20.3367
node,122,rx,-1,1062.01,871.435,35157137,176,0,10,5,1251.95,20.3546
node,100,rx,-1,1041.71,850.667,35157137,176,0,9,5,1222.81,20.3546
node,60,rx,-1,1026.67,835.269,35157137,176,0,9,5,1201.28,20.3546
node,58,rx,-1,1122.32,937.845,35157137,176,0,12,5,805.836,20.3546
node,89,rx,-1,1006.87,819.73,35157137,176,0,11,5,1176.34,20.3546
node,114,rx,-1,1150.76,966.937,35157137,176,0,11,5,846.522,20.3546
node,77,rx,-1,975.377,787.418,35157137,176,0,11,5,1124.21,20.3546
node,62,rx,-1,1274.88,684.952,35157137,176,0,10,5,1021.6,20.3546
node,111,rx,-1,1294.75,670.199,35157137,176,0,11,5,1046.13,20.3546
node,35,tx,-1,1410.16,468.351,35157137,176,0,11,1,1338.82,20.424
node,27,rx,-1,1354.59,411.225,35157137,176,0,12,6,1418.5,20.4545
node,88,rx,-1,1379.48,587.064,35157137,176,0,8,6,1163.8,20.4545
node,106,rx,-1,1322.99,378.775,35157137,176,0,12,6,1463.84,20.4545
node,85,rx,-1,1305.61,545.533,35157137,176,0,10,6,1586.5,20.4545
node,112,rx,-1,1337.99,579.593,35157137,176,0,5,6,1633.5,20.4545
node,48,rx,-1,1367.76,598.578,35157137,176,0,3,6,1147.38,20.4545
node,24,rx,-1,1282.39,520.677,35157137,176,0,10,6,1552.46,20.4545
node,20,rx,-1,1354.69,612.134,35157137,176,0,11,6,1129.59,20.4545
node,124,rx,-1,1285.74,341.048,35157137,176,0,6,6,1516.85,20.4545
node,76,rx,-1,1194.93,398.36,35157137,176,0,12,6,1427.52,20.4545
node,36,tx,-1,1637.35,1305.97,35157137,176,0,8,1,911.639,20.6033
node,107,rx,-1,1657.85,1285.69,35157137,176,0,3,5,940.461,20.6546
node,126,rx,-1,1682.75,1261.01,35157137,176,0,5,5,975.71,20.6546
node,51,rx,-1,1787.28,1160.55,35157137,176,0,8,5,1120.82,20.6546
node,74,rx,-1,1483.05,1458.96,35157137,176,0,4,5,694.116,20.6546
node,105,rx,-1,1475.07,1466.88,35157137,176,0,0,5,682.763,20.6546
node,1,rx,-1,1469.74,1472.17,35157137,176,0,0,5,675.262,20.6546
node,5,rx,-1,1459.34,1476.95,35157137,176,0,0,5,674.983,20.6546
node,21,rx,-1,1852.65,1096.11,35157137,176,1,0,5,1250.06,20.6546
node,40,tx,-1,1267.04,1463.44,35157137,176,0,12,1,435.703,20.7875
node,101,rx,-1,1146.07,1346.7,35157137,174,0,7,6,267.417,20.7878
node,57,rx,-1,1132.07,1336.57,35157137,174,0,8,6,250.42,20.7878
node,27,tx,-1,1354.59,411.225,35157137,176,0,12,1,1418.5,20.9145
node,106,rx,-1,1322.99,378.775,35157137,176,0,12,6,1463.84,20.9544
node,35,rx,-1,1410.16,468.351,35157137,176,0,11,6,1338.82,20.9544
node,124,rx,-1,1285.74,341.048,35157137,176,0,6,6,1516.85,20.9544
node,24,rx,-1,1282.39,520.677,35157137,176,0,10,6,1552.46,20.9544
node,85,rx,-1,1305.61,545.533,35157137,176,0,10,6,1586.5,20.9544
node,76,rx,-1,1194.93,398.36,35157137,176,0,12,6,1427.52,20.9544
node,112,rx,-1,1337.99,579.593,35157137,176,0,5,6,1633.5,20.9544
node,88,rx,-1,1379.48,587.064,35157137,176,0,8,6,1163.8,20.9544
node,48,rx,-1,1367.76,598.578,35157137,176,0,3,6,1147.38,20.9544
node,20,rx,-1,1354.69,612.134,35157137,176,0,11,6,1129.59,20.9544
node,51,tx,-1,1781.11,1166.61,35157137,176,0,8,1,1112.17,21.1136
node,45,rx,-1,1849.59,1103.13,35157137,176,0,10,6,1251.62,21.1545
node,21,rx,-1,1852.65,1096.11,35157137,176,1,0,6,1250.06,21.1545
node,126,rx,-1,1677.08,1266.64,35157137,176,0,7,6,967.721,21.1545
node,107,rx,-1,1653.83,1289.67,35157137,176,0,5,6,934.801,21.1545
node,36,rx,-1,1629.54,1313.7,35157137,176,0,10,6,900.645,21.1545
node,21,tx,-1,1852.65,1096.11,35157137,176,1,0,1,1250.06,21.2172
node,45,rx,-1,1849.59,1103.13,35157137,176,0,10,6,1251.62,21.2544
node,96,rx,-1,1873.06,1128.29,35157137,176,0,12,6,1286.06,21.2544
node,28,rx,-1,1900.81,1071.45,35157137,176,0,11,6,1304.87,21.2544
node,51,rx,-1,1781.11,1166.61,35157137,176,0,8,6,1112.17,21.2544
node,53,rx,-1,1930.11,1193.24,35157137,176,0,10,6,1372.46,21.2544
node,55,rx,-1,1934.27,1203.48,35157137,176,1,3,6,1385.54,21.2544
node,126,rx,-1,1677.08,1266.64,35157137,176,0,7,6,967.721,21.2544
node,9,rx,-1,1652.72,905.954,35157137,176,0,11,6,970.945,21.2544
node,107,rx,-1,1653.83,1289.67,35157137,176,0,5,6,934.801,21.2544
node,36,rx,-1,1629.54,1313.7,35157137,176,0,10,6,900.645,21.2544
node,123,tx,-1,951.719,624.6,35157137,176,0,6,1,1095.12,21.3482
node,108,rx,-1,950.43,630.51,35157137,176,0,12,7,1090.05,21.3546
node,37,rx,-1,914.245,666.223,35157137,176,0,10,7,1039.21,21.3546
node,91,rx,-1,905.571,670.154,35157137,176,0,11,7,1030.27,21.3546
node,11,rx,-1,869.515,705.364,35157137,176,0,10,7,979.888,21.3546
node,76,rx,-1,1186.69,406.544,35157137,176,0,11,7,1415.93,21.3546
node,45,tx,-1,1849.59,1103.13,35157137,176,0,10,1,1251.62,21.9812
node,21,rx,-1,1852.65,1096.11,35157137,176,1,0,7,1250.06,21.9814
node,96,rx,-1,1873.06,1128.29,35157137,176,0,12,7,1286.06,21.9814
node,51,rx,-1,1781.11,1166.61,35157137,176,0,8,7,1112.17,21.9814
node,53,rx,-1,1930.11,1193.24,35157137,176,0,10,7,1372.46,21.9814
node,55,rx,-1,1934.27,1203.48,35157137,176,1,3,7,1385.54,21.9814
node,126,rx,-1,1677.08,1266.64,35157137,176,0,7,7,967.721,21.9814
node,107,rx,-1,1653.83,1289.67,35157137,176,0,5,7,934.801,21.9814
node,9,rx,-1,1652.72,905.954,35157137,176,0,11,7,970.945,21.9814
node,36,rx,-1,1629.54,1313.7,35157137,176,0,10,7,900.645,21.9814
node,91,tx,-1,897.138,678.353,35157137,176,0,11,1,1018.45,22.0922
node,37,rx,-1,906.052,674.31,35157137,176,0,11,8,1027.7,22.0925
node,11,rx,-1,860.913,713.784,35157137,176,0,12,8,967.787,22.0925
node,108,rx,-1,942.774,638.066,35157137,176,0,10,8,1079.3,22.0925
node,123,rx,-1,945.921,630.324,35157137,176,0,8,8,1086.97,22.0925
node,110,tx,-1,215.705,955.532,35157137,176,1,10,1,1157.79,22.3333
node,84,rx,-1,238.95,979.393,35157137,176,1,12,6,1124.45,22.3544
node,42,rx,-1,255.721,996.41,35157137,176,1,9,6,1100.54,22.3544
node,26,rx,-1,406.88,1173.36,35157137,176,0,8,6,1234.19,22.3544
node,93,rx,-1,422.843,1189.85,35157137,176,0,9,6,1257.13,22.3544
node,118,rx,-1,437.648,1205.13,35157137,176,0,9,6,1278.41,22.3544
node,108,tx,-1,942.774,638.066,35157137,176,0,10,1,1079.3,22.3915
node,123,rx,-1,945.921,630.324,35157137,176,0,8,7,1086.97,22.3917
node,37,rx,-1,906.052,674.31,35157137,176,0,11,7,1027.7,22.3917
node,91,rx,-1,897.138,678.353,35157137,176,0,11,7,1018.45,22.3917
node,11,rx,-1,860.913,713.784,35157137,176,0,12,7,967.787,22.3917
node,76,rx,-1,1178,415.309,35157137,176,0,12,7,1403.51,22.3917
node,84,tx,-1,238.95,979.393,35157137,176,1,12,1,1124.45,22.4123
node,42,rx,-1,255.721,996.41,35157137,176,1,9,6,1100.54,22.4546
node,110,rx,-1,215.705,955.532,35157137,176,1,10,6,1157.79,22.4546
node,26,rx,-1,406.88,1173.36,35157137,176,0,8,6,1234.19,22.4546
node,93,rx,-1,422.843,1189.85,35157137,176,0,9,6,1257.13,22.4546
node,118,rx,-1,437.648,1205.13,35157137,176,0,9,6,1278.41,22.4546
node,28,tx,-1,1892.17,1076.84,35157137,176,0,10,1,1294.23,22.7883
node,21,rx,-1,1852.65,1096.11,35157137,174,1,0,7,1250.06,22.7885
node,45,rx,-1,1844.71,1093.41,35157137,174,0,11,7,1240.27,22.7885
node,53,tx,-1,1921.66,1184.33,35157137,176,0,12,1,1360.19,22.9658
node,55,rx,-1,1935.74,1199.47,35157137,176,1,4,7,1380.88,22.9661
node,71,rx,-1,1925.93,1211.81,35157137,176,0,8,7,1397.32,22.9661
node,99,rx,-1,1907.35,1230.35,35157137,176,0,10,7,1423.67,22.9661
node,96,rx,-1,1865.94,1120.78,35157137,176,0,10,7,1275.71,22.9661
node,21,rx,-1,1852.65,1096.11,35157137,176,1,0,7,1250.06,22.9661
node,45,rx,-1,1844.71,1093.41,35157137,176,0,11,7,1240.27,22.9661
node,9,tx,-1,1635.04,888.01,35157137,176,0,12,1,945.792,23.5819
node,14,rx,-1,1762.43,998.353,35157137,176,0,7,7,1122.69,23.5821
node,45,rx,-1,1838.33,1086.84,35157137,176,0,9,7,1231.12,23.5821
node,21,rx,-1,1852.65,1096.11,35157137,176,1,0,7,1250.06,23.5821
node,96,rx,-1,1857.64,1111.99,35157137,176,0,12,7,1263.62,23.5821
node,55,tx,-1,1931.66,1194.87,35157137,176,1,6,1,1374.72,23.9845
node,71,rx,-1,1929.1,1208.64,35157137,176,0,4,7,1392.84,23.9847
node,53,rx,-1,1913.57,1175.8,35157137,176,0,11,7,1348.42,23.9847
node,99,rx,-1,1914.49,1223.23,35157137,176,0,10,7,1413.59,23.9847
node,131,rx,-1,1896.89,1240.81,35157137,176,1,12,7,1438.47,23.9847
node,96,rx,-1,1857.64,1111.99,35157137,176,0,12,7,1263.62,23.9847
node,21,rx,-1,1852.65,1096.11,35157137,176,1,0,7,1250.06,23.9847
node,45,rx,-1,1838.33,1086.84,35157137,176,0,9,7,1231.12,23.9847
node,14,rx,-1,1762.43,998.353,35157137,176,0,7,7,1122.69,23.9847
node,96,tx,-1,1849.84,1103.57,35157137,176,0,11,1,1252.12,24.007
node,21,rx,-1,1852.65,1096.11,35157137,176,1,0,7,1250.06,24.0544
node,28,rx,-1,1872.69,1084.89,35157137,176,0,10,7,1273.16,24.0544
node,45,rx,-1,1830.64,1078.95,35157137,176,0,11,7,1220.1,24.0544
node,53,rx,-1,1906.27,1168.1,35157137,176,0,10,7,1337.81,24.0544
node,55,rx,-1,1926.49,1189.42,35157137,176,1,7,7,1367.2,24.0544
node,51,rx,-1,1762.59,1184.84,35157137,176,0,9,7,1086.08,24.0544
node,71,rx,-1,1933.46,1204.29,35157137,176,0,6,7,1386.69,24.0544
node,14,rx,-1,1756.99,1003.36,35157137,176,0,7,7,1115.27,24.0544
node,126,rx,-1,1659.52,1284.04,35157137,176,0,5,7,942.811,24.0544
node,107,rx,-1,1637.16,1306.15,35157137,176,0,8,7,911.375,24.0544
node,9,rx,-1,1627.4,880.08,35157137,176,0,11,7,934.779,24.0544
node,36,rx,-1,1605.01,1337.99,35157137,176,0,12,7,866.118,24.0544
node,71,tx,-1,1933.46,1204.29,35157137,176,0,6,1,1386.69,24.1178
node,55,rx,-1,1926.49,1189.42,35157137,176,1,7,8,1367.2,24.1545
node,99,rx,-1,1919.5,1218.23,35157137,176,0,7,8,1406.51,24.1545
node,131,rx,-1,1904.74,1232.96,35157137,176,1,11,8,1427.36,24.1545
node,53,rx,-1,1906.27,1168.1,35157137,176,0,10,8,1337.81,24.1545
node,96,rx,-1,1849.84,1103.57,35157137,176,0,11,8,1252.12,24.1545
node,21,rx,-1,1852.65,1096.11,35157137,176,1,0,8,1250.06,24.1545
node,45,rx,-1,1830.64,1078.95,35157137,176,0,11,8,1220.1,24.1545
node,14,rx,-1,1756.99,1003.36,35157137,176,0,7,8,1115.27,24.1545
node,11,tx,-1,843.784,730.333,35157137,176,0,10,1,943.969,24.1723
node,91,rx,-1,880.207,694.77,35157137,176,0,12,8,994.94,24.1725
node,37,rx,-1,889.02,690.762,35157137,176,0,11,8,1004,24.1725
node,108,rx,-1,927.207,653.431,35157137,176,0,11,8,1057.42,24.1725
node,123,rx,-1,932.516,643.556,35157137,176,0,10,8,1068.14,24.1725
node,18,rx,-1,599.755,980.928,35157137,176,0,5,8,624.959,24.1725
node,37,tx,-1,889.02,690.762,35157137,176,0,11,1,1004,24.3599
node,91,rx,-1,880.207,694.77,35157137,176,0,12,8,994.94,24.3602
node,108,rx,-1,927.207,653.431,35157137,176,0,11,8,1057.42,24.3602
node,11,rx,-1,843.784,730.333,35157137,176,0,10,8,943.969,24.3602
node,123,rx,-1,932.516,643.556,35157137,176,0,10,8,1068.14,24.3602
node,77,rx,-1,944.991,755.346,35157137,176,0,11,8,1080.03,24.3602
node,89,rx,-1,973.871,785.837,35157137,176,0,12,8,1122.03,24.3602
node,60,rx,-1,998.84,806.792,35157137,176,0,10,8,1161.47,24.3602
node,143,rx,-1,761.25,571.48,35157137,176,0,0,8,1392.57,24.3602
node,100,rx,-1,1016.48,824.849,35157137,176,0,9,8,1186.71,24.3602
node,136,rx,-1,751.516,558.559,35157137,176,0,6,8,1349.21,24.3602
node,122,rx,-1,1032.98,841.728,35157137,176,0,9,8,1210.31,24.3602
node,137,rx,-1,1055.35,864.622,35157137,176,0,10,8,1242.32,24.3602
node,97,rx,-1,716.047,522.24,35157137,176,0,11,8,1298.47,24.3602
node,58,rx,-1,1089.35,904.128,35157137,176,0,11,8,758.582,24.3602
node,114,rx,-1,1121.5,937.006,35157137,176,0,10,8,804.663,24.3602
node,99,tx,-1,1919.5,1218.23,35157137,176,0,7,1,1406.51,24.468
node,71,rx,-1,1933.46,1204.29,35157137,176,0,6,8,1386.69,24.4683
node,131,rx,-1,1904.74,1232.96,35157137,176,1,11,8,1427.36,24.4683
node,55,rx,-1,1926.49,1189.42,35157137,176,1,7,8,1367.2,24.4683
node,53,rx,-1,1906.27,1168.1,35157137,176,0,10,8,1337.81,24.4683
node,14,tx,-1,1756.99,1003.36,35157137,176,0,7,1,1115.27,24.5509
node,16,rx,-1,1727.13,1033.73,35157137,176,0,1,8,1291.67,24.5544
node,45,rx,-1,1830.64,1078.95,35157137,176,0,11,8,1220.1,24.5544
node,21,rx,-1,1852.65,1096.11,35157137,176,1,0,8,1250.06,24.5544
node,96,rx,-1,1849.84,1103.57,35157137,176,0,11,8,1252.12,24.5544
node,139,rx,-1,1634.09,1121.36,35157137,176,1,2,8,946.922,24.5544
node,9,rx,-1,1627.4,880.08,35157137,176,0,11,8,934.779,24.5544
node,104,rx,-1,1625.33,1130.32,35157137,176,1,1,8,934.396,24.5544
node,2,rx,-1,1608.98,1147.05,35157137,176,1,3,8,911.004,24.5544
node,53,rx,-1,1906.27,1168.1,35157137,176,0,10,8,1337.81,24.5544
node,55,rx,-1,1926.49,1189.42,35157137,176,1,7,8,1367.2,24.5544
node,71,rx,-1,1933.46,1204.29,35157137,176,0,6,8,1386.69,24.5544
node,70,rx,-1,1556.47,1200.44,35157137,176,0,11,8,836.105,24.5544
node,92,rx,-1,1539.24,1217.76,35157137,176,0,11,8,811.689,24.5544
node,104,tx,-1,1623.41,1132.28,35157137,176,1,2,1,931.647,25.2457
node,139,rx,-1,1633.93,1121.52,35157137,176,1,0,9,946.69,25.2544
node,2,rx,-1,1606.74,1149.34,35157137,176,1,3,9,907.792,25.2544
node,70,rx,-1,1548.79,1208.17,35157137,176,0,10,9,825.203,25.2544
node,92,rx,-1,1531.36,1225.69,35157137,176,0,11,9,800.503,25.2544
node,16,rx,-1,1726.39,1034.41,35157137,176,0,1,9,1290.66,25.2544
node,49,rx,-1,1497.93,1259.32,35157137,176,0,12,9,753.08,25.2544
node,14,rx,-1,1750.22,1000.64,35157137,176,0,8,9,1106.95,25.2544
node,92,tx,-1,1531.36,1225.69,35157137,176,0,11,1,800.503,25.3069
node,70,rx,-1,1548.79,1208.17,35157137,176,0,10,9,825.203,25.3546
node,49,rx,-1,1497.93,1259.32,35157137,176,0,12,9,753.08,25.3546
node,2,rx,-1,1606.74,1149.34,35157137,176,1,3,9,907.792,25.3546
node,104,rx,-1,1623.41,1132.28,35157137,176,1,2,9,931.647,25.3546
node,139,rx,-1,1633.93,1121.52,35157137,176,1,0,9,946.69,25.3546
node,90,rx,-1,1369.96,1385.75,35157137,176,1,10,9,802.639,25.3546
node,16,rx,-1,1726.39,1034.41,35157137,176,0,1,9,1290.66,25.3546
node,14,rx,-1,1750.22,1000.64,35157137,176,0,8,9,1106.95,25.3546
node,16,tx,-1,1726.39,1034.41,35157137,176,0,1,1,1290.66,25.7002
node,14,rx,-1,1750.22,1000.64,35157137,176,0,8,9,1106.95,25.7544
node,139,rx,-1,1633.93,1121.52,35157137,176,1,0,9,946.69,25.7544
node,104,rx,-1,1623.41,1132.28,35157137,176,1,2,9,931.647,25.7544
node,2,rx,-1,1606.74,1149.34,35157137,176,1,3,9,907.792,25.7544
node,70,rx,-1,1548.79,1208.17,35157137,176,0,10,9,825.203,25.7544
node,92,rx,-1,1531.36,1225.69,35157137,176,0,11,9,800.503,25.7544
node,49,rx,-1,1497.93,1259.32,35157137,176,0,12,9,753.08,25.7544
node,18,tx,-1,603.944,986.293,35157137,176,0,6,1,618.118,25.8582
node,26,rx,-1,393.512,1157.39,35157137,176,0,4,9,1211.97,25.8585
node,93,rx,-1,403.823,1170.21,35157137,176,0,8,9,1229.79,25.8585
node,2,tx,-1,1606.74,1149.34,35157137,176,1,3,1,907.792,25.9923
node,104,rx,-1,1623.41,1132.28,35157137,176,1,2,9,931.647,25.9926
node,139,rx,-1,1633.93,1121.52,35157137,176,1,0,9,946.69,25.9926
node,70,rx,-1,1548.79,1208.17,35157137,176,0,10,9,825.203,25.9926
node,92,rx,-1,1531.36,1225.69,35157137,176,0,11,9,800.503,25.9926
node,49,rx,-1,1497.93,1259.32,35157137,176,0,12,9,753.08,25.9926
node,16,rx,-1,1726.39,1034.41,35157137,176,0,1,9,1290.66,25.9926
node,14,rx,-1,1750.22,1000.64,35157137,176,0,8,9,1106.95,25.9926
node,90,rx,-1,1369.96,1385.75,35157137,176,1,10,9,802.639,25.9926
node,143,tx,-1,761.25,571.48,35157137,176,0,0,1,1392.57,26.3398
node,136,rx,-1,745.018,552.09,35157137,176,0,2,9,1340.04,26.3546
node,97,rx,-1,704.555,510.496,35157137,176,0,5,9,1282.03,26.3546
node,66,rx,-1,660.544,540.885,35157137,176,0,11,9,1218.02,26.3546
node,77,rx,-1,930.358,739.891,35157137,176,0,9,9,1058.74,26.3546
node,43,rx,-1,666.502,344.179,35157137,176,0,12,9,1493.89,26.3546
node,94,rx,-1,691.668,319.384,35157137,176,0,11,9,1529.21,26.3546
node,89,rx,-1,957.863,768.94,35157137,176,0,11,9,1098.75,26.3546
node,60,rx,-1,984.938,792.578,35157137,176,0,8,9,1141.59,26.3546
node,47,rx,-1,457.223,444.815,35157137,176,1,12,9,1351.63,26.3546
node,100,rx,-1,1002.62,810.657,35157137,176,0,10,9,1166.87,26.3546
node,70,tx,-1,1541.41,1215.58,35157137,176,0,10,1,814.758,26.7208
node,92,rx,-1,1522.48,1234.62,35157137,176,0,12,9,787.911,26.7545
node,130,rx,-1,1546.01,1177.03,35157137,176,0,12,9,867.881,26.7545
node,49,rx,-1,1488.86,1268.45,35157137,176,0,12,9,740.212,26.7545
node,2,rx,-1,1605.59,1150.52,35157137,176,1,1,9,906.147,26.7545
node,104,rx,-1,1621.96,1133.77,35157137,176,1,2,9,929.57,26.7545
node,139,rx,-1,1633.86,1121.59,35157137,176,1,0,9,946.603,26.7545
node,16,rx,-1,1725.33,1035.36,35157137,176,0,1,9,1289.25,26.7545
node,136,tx,-1,745.018,552.09,35157137,176,0,2,1,1340.04,26.7905
node,143,rx,-1,761.25,571.48,35157137,176,0,0,9,1392.57,26.7908
node,97,rx,-1,704.555,510.496,35157137,176,0,5,9,1282.03,26.7908
node,66,rx,-1,660.544,540.885,35157137,176,0,11,9,1218.02,26.7908
node,43,rx,-1,666.502,344.179,35157137,176,0,12,9,1493.89,26.7908
node,94,rx,-1,691.668,319.384,35157137,176,0,11,9,1529.21,26.7908
node,77,rx,-1,930.358,739.891,35157137,176,0,9,9,1058.74,26.7908
node,89,rx,-1,957.863,768.94,35157137,176,0,11,9,1098.75,26.7908
node,47,rx,-1,457.223,444.815,35157137,176,1,12,9,1351.63,26.7908
node,60,rx,-1,984.938,792.578,35157137,176,0,8,9,1141.59,26.7908
node,131,tx,-1,1917.82,1219.91,35157137,176,1,9,1,1408.89,26.872
node,99,rx,-1,1930.47,1207.27,35157137,176,0,7,8,1390.9,26.8722
node,71,rx,-1,1929.76,1192.87,35157137,176,0,8,8,1371.96,26.8722
node,55,rx,-1,1913.32,1175.54,35157137,176,1,10,8,1348.06,26.8722
node,97,tx,-1,704.555,510.496,35157137,176,0,5,1,1282.03,26.9621
node,66,rx,-1,660.544,540.885,35157137,176,0,11,9,1218.02,26.9623
node,136,rx,-1,745.018,552.09,35157137,176,0,2,9,1340.04,26.9623
node,143,rx,-1,761.25,571.48,35157137,176,0,0,9,1392.57,26.9623
node,43,rx,-1,666.502,344.179,35157137,176,0,12,9,1493.89,26.9623
node,94,rx,-1,691.668,319.384,35157137,176,0,11,9,1529.21,26.9623
node,47,rx,-1,457.223,444.815,35157137,176,1,12,9,1351.63,26.9623
node,103,rx,-1,424.387,411.489,35157137,176,0,12,9,1398.42,26.9623
node,77,rx,-1,930.358,739.891,35157137,176,0,9,9,1058.74,26.9623
node,139,tx,-1,1632.64,1122.84,35157137,176,1,1,1,944.856,27.5323
node,145,rx,-1,1638.63,1116.71,35157137,176,1,0,9,953.421,27.5545
node,104,rx,-1,1621.16,1134.58,35157137,176,1,1,9,928.433,27.5545
node,2,rx,-1,1604.08,1152.06,35157137,176,1,2,9,903.994,27.5545
node,16,rx,-1,1725.22,1035.46,35157137,176,0,0,9,1289.09,27.5545
node,70,rx,-1,1533.49,1223.55,35157137,176,0,11,9,803.524,27.5545
node,92,rx,-1,1513.87,1243.28,35157137,176,0,12,9,775.697,27.5545
node,49,rx,-1,1481.11,1276.45,35157137,176,0,11,9,729.073,27.5545
node,43,tx,-1,658.157,352.401,35157137,176,0,11,1,1482.17,27.7094
node,94,rx,-1,684.219,326.722,35157137,176,0,10,10,1518.76,27.7543
node,97,rx,-1,702.46,508.355,35157137,176,0,2,10,1279.04,27.7543
node,66,rx,-1,651.885,549.382,35157137,176,0,12,10,1205.88,27.7543
node,136,rx,-1,742.845,549.923,35157137,176,0,3,10,1336.97,27.7543
node,47,rx,-1,464.433,452.132,35157137,176,1,10,10,1341.36,27.7543
node,103,rx,-1,432.991,420.221,35157137,176,0,12,10,1386.16,27.7543
node,143,rx,-1,761.25,571.48,35157137,176,0,0,10,1392.57,27.7543
node,130,tx,-1,1555.02,1186.23,35157137,176,0,12,1,855.007,27.8326
node,52,rx,-1,1534.4,1165.14,35157137,176,0,10,10,884.501,27.8545
node,70,rx,-1,1533.49,1223.55,35157137,176,0,11,10,803.524,27.8545
node,2,rx,-1,1604.08,1152.06,35157137,176,1,2,10,903.994,27.8545
node,92,rx,-1,1513.87,1243.28,35157137,176,0,12,10,775.697,27.8545
node,49,rx,-1,1481.11,1276.45,35157137,176,0,11,10,729.073,27.8545
node,103,tx,-1,432.991,420.221,35157137,176,0,12,1,1386.16,27.912
node,49,tx,-1,1481.11,1276.45,35157137,176,0,11,1,729.073,27.9302
node,92,rx,-1,1513.87,1243.28,35157137,176,0,12,10,775.697,27.9544
node,70,rx,-1,1533.49,1223.55,35157137,176,0,11,10,803.524,27.9544
node,130,rx,-1,1555.02,1186.23,35157137,176,0,12,10,855.007,27.9544
node,2,rx,-1,1604.08,1152.06,35157137,176,1,2,10,903.994,27.9544
node,104,rx,-1,1621.16,1134.58,35157137,176,1,1,10,928.433,27.9544
node,139,rx,-1,1632.64,1122.84,35157137,176,1,1,10,944.856,27.9544
node,145,rx,-1,1638.63,1116.71,35157137,176,1,0,10,953.421,27.9544
node,16,rx,-1,1725.22,1035.46,35157137,176,0,0,10,1289.09,27.9544
node,47,rx,-1,464.433,452.132,35157137,176,1,10,10,1341.36,27.9546
node,43,rx,-1,658.157,352.401,35157137,176,0,11,10,1482.17,27.9546
node,66,rx,-1,651.885,549.382,35157137,176,0,12,10,1205.88,27.9546
node,94,rx,-1,684.219,326.722,35157137,176,0,10,10,1518.76,27.9546
node,97,rx,-1,702.46,508.355,35157137,176,0,2,10,1279.04,27.9546
node,136,rx,-1,742.845,549.923,35157137,176,0,3,10,1336.97,27.9546
node,66,tx,-1,644.43,556.698,35157137,176,0,10,1,1195.44,28.2213
node,97,rx,-1,699.224,504.906,35157137,176,0,4,10,1271.15,28.2543
node,136,rx,-1,739.273,546.283,35157137,176,0,5,10,1331.89,28.2543
node,143,rx,-1,761.975,570.855,35157137,176,0,0,10,1391.61,28.2543
node,43,rx,-1,649.308,361.12,35157137,176,0,12,10,1469.75,28.2543
node,47,rx,-1,471.872,459.682,35157137,176,1,10,10,1330.76,28.2543
node,94,rx,-1,675.863,334.955,35157137,176,0,11,10,1507.03,28.2543
node,103,rx,-1,441.555,428.914,35157137,176,0,12,10,1373.96,28.2543
node,47,tx,-1,480.802,468.744,35157137,176,1,12,1,1318.04,29.1529
node,103,rx,-1,450.342,437.831,35157137,176,0,12,10,1361.44,29.1544
node,66,rx,-1,635.28,565.671,35157137,176,0,12,10,1182.62,29.1544
node,43,rx,-1,640.456,369.842,35157137,176,0,12,10,1457.32,29.1544
node,97,rx,-1,693.637,508.417,35157137,176,0,6,10,1264.38,29.1544
node,94,rx,-1,668.379,342.329,35157137,176,0,10,10,1496.52,29.1544
node,136,rx,-1,735.301,542.2,35157137,176,0,5,10,1326.21,29.1544
node,143,rx,-1,761.955,569.121,35157137,176,0,1,10,1389.74,29.1544
node,94,tx,-1,668.379,342.329,35157137,176,0,10,1,1496.52,29.4404
node,43,rx,-1,640.456,369.842,35157137,176,0,12,10,1457.32,29.4545
node,97,rx,-1,693.637,508.417,35157137,176,0,6,10,1264.38,29.4545
node,136,rx,-1,735.301,542.2,35157137,176,0,5,10,1326.21,29.4545
node,66,rx,-1,635.28,565.671,35157137,176,0,12,10,1182.62,29.4545
node,47,rx,-1,480.802,468.744,35157137,176,1,12,10,1318.04,29.4545
node,103,rx,-1,450.342,437.831,35157137,176,0,12,10,1361.44,29.4545
node,143,rx,-1,761.955,569.121,35157137,176,0,1,10,1389.74,29.4545
node,145,tx,-1,1636.28,1119.11,35157137,176,1,1,1,950.065,30.0934
node,139,rx,-1,1628.27,1127.31,35157137,176,1,2,10,938.596,30.0937
node,104,rx,-1,1617.63,1138.2,35157137,176,1,2,10,923.377,30.0937
node,2,rx,-1,1599.77,1156.48,35157137,176,1,1,10,897.817,30.0937
node,52,rx,-1,1560.89,1192.3,35157137,176,0,12,10,846.558,30.0937
node,16,rx,-1,1722.37,1038.03,35157137,176,0,1,10,1285.26,30.0937
node,130,rx,-1,1545.89,1211.08,35157137,176,0,10,10,821.104,30.0937
node,70,rx,-1,1508.1,1249.09,35157137,176,0,12,10,767.506,30.0937
node,92,rx,-1,1489.62,1267.68,35157137,176,0,11,10,741.299,30.0937
node,49,rx,-1,1455.27,1302.34,35157137,176,0,11,10,692.376,30.0937
node,52,tx,-1,1560.89,1192.3,35157137,176,0,12,1,846.558,30.7151
node,130,rx,-1,1545.89,1211.08,35157137,176,0,10,11,821.104,30.7544
node,2,rx,-1,1599.77,1156.48,35157137,176,1,1,11,897.817,30.7544
node,70,rx,-1,1508.1,1249.09,35157137,176,0,12,11,767.506,30.7544
node,104,rx,-1,1617.63,1138.2,35157137,176,1,2,11,923.377,30.7544
node,139,rx,-1,1628.27,1127.31,35157137,176,1,2,11,938.596,30.7544
node,92,rx,-1,1489.62,1267.68,35157137,176,0,11,11,741.299,30.7544
node,145,rx,-1,1636.28,1119.11,35157137,176,1,1,11,950.065,30.7544
node,49,rx,-1,1455.27,1302.34,35157137,176,0,11,11,692.376,30.7544
node,16,rx,-1,1722.37,1038.03,35157137,176,0,1,11,1285.26,30.7544
