rsu,15,tx,-1,0,30,336,178,0.780034
rsu,10,tx,-1,0,42,336,178,0.859182
node,171,tx,-1,0,1830,336,178,1.49612
node,39,tx,-1,0,1980,336,178,1.55268
rsu,15,tx,-1,0,2134,336,178,1.78003
rsu,10,tx,-1,0,2397,336,178,1.85918
node,27,tx,-1,0,2695,336,178,1.94742
node,21,tx,-1,1,2894,336,178,2.02569
rsu,15,tx,-1,0,3048,336,178,2.78003
rsu,10,tx,-1,0,3311,336,178,2.85918
node,81,tx,-1,4,3614,336,178,3.61687
rsu,15,tx,-1,0,3814,336,178,3.78003
rsu,10,tx,-1,0,4074,336,178,3.85918
node,393,tx,-1,2,4455,336,178,4.00033
node,333,tx,-1,3,4622,336,178,4.33829
rsu,15,tx,-1,0,4797,336,178,4.78003
rsu,10,tx,-1,0,5062,336,178,4.85918
rsu,15,tx,-1,0,5370,336,178,5.78003
rsu,10,tx,-1,0,5636,336,178,5.85918
node,57,tx,-1,4,5958,336,178,6.02861
node,381,tx,-1,3,6165,336,178,6.3357
node,435,tx,-1,9,6332,336,178,6.64647
rsu,10,rx,-1,0,6332,336,178,6.64658
rsu,15,tx,-1,0,6570,336,178,6.78003
rsu,10,tx,-1,0,6825,336,178,6.85918
rsu,15,tx,-1,0,7133,336,178,7.78003
rsu,10,tx,-1,0,7383,336,178,7.85918
node,441,tx,-1,10,7720,336,178,8.45022
node,681,tx,-1,8,7914,336,178,8.51828
rsu,15,tx,-1,0,8092,336,178,8.78003
rsu,10,tx,-1,0,8336,336,178,8.85918
node,33,tx,-1,10,8638,336,178,9.00729
node,693,tx,-1,6,8832,336,178,9.55336
rsu,15,tx,-1,0,8995,336,178,9.78003
node,255,tx,-1,9,9233,336,178,9.80003
rsu,10,rx,-1,0,9233,336,178,9.80014
rsu,10,tx,-1,0,9482,336,178,9.85918
rsu,15,tx,-1,0,9787,336,178,10.78
rsu,10,tx,-1,0,10025,336,178,10.8592
node,261,tx,-1,8,10317,336,178,11.12
rsu,10,rx,-1,0,10317,336,178,11.1201
rsu,15,tx,-1,0,10539,336,178,11.78
rsu,10,tx,-1,0,10773,336,178,11.8592
node,219,tx,-1,11,11054,336,178,11.9887
node,117,tx,-1,11,11226,336,178,12.2686
rsu,10,rx,-1,0,11226,336,178,12.2688
node,273,tx,-1,6,11444,336,178,12.4694
node,93,tx,-1,9,11593,336,178,12.5501
rsu,15,tx,-1,0,11773,336,178,12.78
rsu,10,tx,-1,0,12007,336,178,12.8592
node,87,tx,-1,11,12294,336,178,13.1804
rsu,10,rx,-1,0,12294,336,178,13.1805
rsu,15,tx,-1,0,12512,336,178,13.78
rsu,10,tx,-1,0,12744,336,178,13.8592
rsu,15,tx,-1,0,13287,336,178,14.78
rsu,10,tx,-1,0,13521,336,178,14.8592
rsu,15,tx,-1,0,13801,336,178,15.78
rsu,10,tx,-1,0,14038,336,178,15.8592
node,627,tx,-1,11,17738,336,178,16.1681
rsu,15,tx,-1,0,18515,336,178,16.78
rsu,10,tx,-1,0,18757,336,178,16.8592
node,729,tx,-1,5,19045,336,178,16.9645
rsu,10,rx,-1,0,19045,336,178,16.9646
rsu,15,tx,-1,0,19256,336,178,17.78
rsu,10,tx,-1,0,19499,336,178,17.8592
rsu,15,tx,-1,0,30192,336,178,18.78
rsu,10,tx,-1,0,30434,336,178,18.8592
node,645,tx,-1,4,30723,336,178,19.1241
rsu,15,rx,-1,0,30723,336,178,19.1242
rsu,15,tx,-1,0,30963,336,178,19.78
rsu,10,tx,-1,0,31203,336,178,19.8592
node,315,tx,-1,10,32163,336,178,20.0893
node,765,tx,-1,11,38556,336,178,20.2215
node,831,tx,-1,4,46866,336,178,20.7489
rsu,15,tx,-1,0,47034,336,178,20.78
rsu,10,tx,-1,0,47271,336,178,20.8592
node,477,tx,-1,0,47558,336,178,21.2503
rsu,10,rx,-1,0,47558,336,178,21.2504
node,357,tx,-1,8,47793,336,178,21.6069
rsu,10,rx,-1,0,47793,336,178,21.607
rsu,15,tx,-1,0,48007,336,178,21.78
rsu,10,tx,-1,0,48242,336,178,21.8592
node,459,tx,-1,11,53845,336,178,22.7699
rsu,15,tx,-1,0,54022,336,178,22.78
rsu,10,tx,-1,0,54254,336,178,22.8592
node,705,tx,-1,0,54535,336,178,23.2016
node,591,tx,-1,12,54700,336,178,23.482
rsu,10,rx,-1,0,54700,336,178,23.4821
node,813,tx,-1,11,54938,336,178,23.5499
rsu,15,tx,-1,0,55119,336,178,23.78
rsu,10,tx,-1,0,55344,336,178,23.8592
node,795,tx,-1,11,56159,336,178,24.7704
rsu,15,tx,-1,0,56337,336,178,24.78
rsu,10,tx,-1,0,56562,336,178,24.8592
node,723,tx,-1,10,56828,336,178,25.0367
rsu,15,tx,-1,0,57021,336,178,25.78
rsu,10,tx,-1,0,57246,336,178,25.8592
node,399,tx,-1,0,57515,336,178,25.9346
rsu,10,rx,-1,0,57515,336,178,25.9347
rsu,15,tx,-1,0,58084,336,178,26.78
rsu,10,tx,-1,0,58314,336,178,26.8592
rsu,15,tx,-1,0,58581,336,178,27.78
node,375,tx,-1,12,58806,336,178,27.853
rsu,10,tx,-1,0,58998,336,178,27.8592
rsu,15,tx,-1,0,59269,336,178,28.78
node,759,tx,-1,11,59498,336,178,28.8426
rsu,10,tx,-1,0,59710,336,178,28.8592
node,147,tx,-1,5,59991,336,178,29.2079
rsu,15,rx,-1,0,59991,336,178,29.208
node,339,tx,-1,0,60226,336,178,29.3846
rsu,15,tx,-1,0,60426,336,178,29.78
rsu,10,tx,-1,0,60649,336,178,29.8592
rsu,15,tx,-1,0,60924,336,178,30.78
rsu,10,tx,-1,0,61144,336,178,30.8592
node,327,tx,-1,11,61415,336,178,31.0223
node,411,tx,-1,11,61619,336,178,31.6042
rsu,15,tx,-1,0,61801,336,178,31.78
rsu,10,tx,-1,0,62024,336,178,31.8592
node,303,tx,-1,10,62296,336,178,32.5068
rsu,15,tx,-1,0,62444,336,178,32.78
rsu,10,tx,-1,0,62669,336,178,32.8592
rsu,15,tx,-1,0,62945,336,178,33.78
rsu,10,tx,-1,0,63171,336,178,33.8592
node,537,tx,-1,10,63441,336,178,33.8778
node,153,tx,-1,10,63614,336,178,33.9151
rsu,15,tx,-1,0,63848,336,178,34.78
rsu,10,tx,-1,0,64074,336,178,34.8592
node,585,tx,-1,7,64344,336,178,35.7083
rsu,15,tx,-1,0,64513,336,178,35.78
rsu,10,tx,-1,0,64739,336,178,35.8592
node,675,tx,-1,12,65012,336,178,35.8721
node,507,tx,-1,12,65208,336,178,36.5786
rsu,15,tx,-1,0,65399,336,178,36.78
node,321,tx,-1,2,65629,336,178,36.825
rsu,10,tx,-1,0,65774,336,178,36.8592
node,141,tx,-1,10,66048,336,178,37.2193
node,45,tx,-1,10,66212,336,178,37.6114
rsu,15,rx,-1,0,66212,336,178,37.6115
rsu,15,tx,-1,0,66393,336,178,37.78
rsu,10,tx,-1,0,66622,336,178,37.8592
node,753,tx,-1,12,66901,336,178,38.0376
node,177,tx,-1,10,67071,336,178,38.7293
rsu,15,tx,-1,0,67256,336,178,38.78
rsu,10,tx,-1,0,67495,336,178,38.8592
node,309,tx,-1,11,67777,336,178,39.5935
rsu,15,tx,-1,0,68002,336,178,39.78
rsu,10,tx,-1,0,68245,336,178,39.8592
node,291,tx,-1,6,68525,336,178,40.1488
rsu,10,rx,-1,0,68525,336,178,40.149
node,105,tx,-1,6,68747,336,178,40.3913
node,783,tx,-1,0,68926,336,178,40.6951
rsu,15,tx,-1,0,69152,336,178,40.78
rsu,10,tx,-1,0,69396,336,178,40.8592
rsu,15,tx,-1,0,69677,336,178,41.78
rsu,10,tx,-1,0,69922,336,178,41.8592
rsu,15,tx,-1,0,70202,336,178,42.78
rsu,10,tx,-1,0,70450,336,178,42.8592
node,669,tx,-1,0,70731,336,178,43.0895
rsu,10,rx,-1,0,70731,336,178,43.0896
node,555,tx,-1,11,70904,336,178,43.2195
node,201,tx,-1,3,71077,336,178,43.2957
node,351,tx,-1,11,71242,336,178,43.6342
node,747,tx,-1,10,71414,336,178,43.6408
rsu,15,tx,-1,0,71599,336,178,43.78
rsu,10,tx,-1,0,71847,336,178,43.8592
rsu,15,tx,-1,0,72132,336,178,44.78
rsu,10,tx,-1,0,72388,336,178,44.8592
rsu,15,tx,-1,0,72670,336,178,45.78
node,621,tx,-1,11,72917,336,178,45.8452
rsu,10,tx,-1,0,73093,336,178,45.8592
node,111,tx,-1,0,73373,336,178,46.2589
node,195,tx,-1,5,73631,336,178,46.3207
node,513,tx,-1,5,73783,336,178,46.7424
rsu,15,rx,-1,0,73783,336,178,46.7426
rsu,15,tx,-1,0,73984,336,178,46.78
node,717,tx,-1,4,74239,336,178,46.7871
rsu,10,rx,-1,0,74239,336,178,46.7872
rsu,10,tx,-1,0,74476,336,178,46.8592
node,417,tx,-1,0,74756,336,178,47.2627
node,207,tx,-1,12,74964,336,178,47.6819
rsu,15,rx,-1,0,74964,336,178,47.682
rsu,15,tx,-1,0,75141,336,178,47.78
rsu,10,tx,-1,0,75384,336,178,47.8592
rsu,15,tx,-1,0,75657,336,178,48.78
rsu,10,tx,-1,0,75904,336,178,48.8592
rsu,15,tx,-1,0,76180,336,178,49.78
rsu,10,tx,-1,0,76426,336,178,49.8592
node,495,tx,-1,10,76700,336,178,50.2688
rsu,15,tx,-1,0,76902,336,178,50.78
rsu,10,tx,-1,0,77143,336,178,50.8592
rsu,15,tx,-1,0,77408,336,178,51.78
rsu,10,tx,-1,0,77650,336,178,51.8592
node,165,tx,-1,12,77905,336,178,52.0323
node,489,tx,-1,12,78087,336,178,52.2312
node,639,tx,-1,12,78280,336,178,52.5749
node,549,tx,-1,10,78462,336,178,52.7287
rsu,15,tx,-1,0,78638,336,178,52.78
rsu,10,tx,-1,0,78869,336,178,52.8592
node,735,tx,-1,12,79122,336,178,53.2733
node,63,tx,-1,7,79323,336,178,53.5861
rsu,15,tx,-1,0,79489,336,178,53.78
rsu,10,tx,-1,0,79725,336,178,53.8592
node,789,tx,-1,11,79978,336,178,54.2289
node,663,tx,-1,10,80154,336,178,54.4398
rsu,15,rx,-1,0,80154,336,178,54.4399
rsu,15,tx,-1,0,80324,336,178,54.78
rsu,10,tx,-1,0,80554,336,178,54.8592
node,129,tx,-1,0,80806,336,178,55.6672
rsu,15,tx,-1,0,81039,336,178,55.78
rsu,10,tx,-1,0,81270,336,178,55.8592
node,483,tx,-1,11,81517,336,178,55.937
rsu,15,rx,-1,0,81517,336,178,55.9371
node,597,tx,-1,6,81759,336,178,56.0112
rsu,15,rx,-1,0,81759,336,178,56.0113
rsu,15,tx,-1,0,81987,336,178,56.78
rsu,10,tx,-1,0,82209,336,178,56.8592
rsu,15,tx,-1,0,82460,336,178,57.78
node,501,tx,-1,10,82683,336,178,57.8268
rsu,10,rx,-1,0,82683,336,178,57.8269
rsu,10,tx,-1,0,82907,336,178,57.8592
node,741,tx,-1,12,83153,336,178,58.3881
rsu,15,rx,-1,0,83153,336,178,58.3882
node,543,tx,-1,12,83364,336,178,58.4706
rsu,15,tx,-1,0,83543,336,178,58.78
rsu,10,tx,-1,0,83766,336,178,58.8592
node,801,tx,-1,12,84011,336,178,59.3156
rsu,15,tx,-1,0,84179,336,178,59.78
node,525,tx,-1,1,84401,336,178,59.8163
rsu,10,tx,-1,0,84557,336,178,59.8592
node,465,tx,-1,12,84796,336,178,60.7165
rsu,15,tx,-1,0,84999,336,178,60.78
rsu,10,tx,-1,0,85217,336,178,60.8592
node,567,tx,-1,11,85462,336,178,61.0911
node,183,tx,-1,11,85609,336,178,61.5714
rsu,15,tx,-1,0,85804,336,178,61.78
rsu,10,tx,-1,0,86030,336,178,61.8592
node,75,tx,-1,0,86282,336,178,61.967
node,699,tx,-1,12,86466,336,178,62.2203
rsu,10,rx,-1,0,86466,336,178,62.2204
node,531,tx,-1,11,86686,336,178,62.3183
rsu,10,rx,-1,0,86686,336,178,62.3184
rsu,15,tx,-1,0,86871,336,178,62.78
rsu,10,tx,-1,0,87096,336,178,62.8592
node,615,tx,-1,12,87353,336,178,63.2364
rsu,15,rx,-1,0,87353,336,178,63.2365
rsu,15,tx,-1,0,87569,336,178,63.78
rsu,10,tx,-1,0,87793,336,178,63.8592
node,99,tx,-1,11,88046,336,178,64.162
node,267,tx,-1,8,88244,336,178,64.3867
node,405,tx,-1,10,88423,336,178,64.4195
rsu,15,rx,-1,0,88423,336,178,64.4197
rsu,15,tx,-1,0,88597,336,178,64.78
rsu,10,tx,-1,0,88829,336,178,64.8592
node,837,tx,-1,5,89090,336,178,65.1037
rsu,15,rx,-1,0,89090,336,178,65.1038
rsu,15,tx,-1,0,89301,336,178,65.78
rsu,10,tx,-1,0,89533,336,178,65.8592
node,561,tx,-1,11,89794,336,178,66.1277
rsu,15,tx,-1,0,89984,336,178,66.78
rsu,10,tx,-1,0,90220,336,178,66.8592
node,159,tx,-1,9,90487,336,178,67.3
node,429,tx,-1,12,90670,336,178,67.7794
rsu,15,tx,-1,0,90845,336,178,67.78
rsu,10,tx,-1,0,91090,336,178,67.8592
node,69,tx,-1,12,91358,336,178,67.9957
rsu,10,rx,-1,0,91358,336,178,67.9958
node,651,tx,-1,12,91596,336,178,68.4005
node,687,tx,-1,11,91746,336,178,68.5208
rsu,15,tx,-1,0,91887,336,178,68.78
node,243,tx,-1,10,92127,336,178,68.816
rsu,10,tx,-1,0,92301,336,178,68.8592
rsu,15,tx,-1,0,92565,336,178,69.78
rsu,10,tx,-1,0,92804,336,178,69.8592
node,51,tx,-1,7,93065,336,178,70.1193
rsu,15,rx,-1,0,93065,336,178,70.1195
node,609,tx,-1,0,93237,336,178,70.6452
rsu,15,tx,-1,0,93435,336,178,70.78
rsu,10,tx,-1,0,93675,336,178,70.8592
node,711,tx,-1,2,93939,336,178,71.4609
node,135,tx,-1,10,94091,336,178,71.5114
rsu,15,tx,-1,0,94292,336,178,71.78
rsu,10,tx,-1,0,94526,336,178,71.8592
rsu,15,tx,-1,0,94787,336,178,72.78
rsu,10,tx,-1,0,95022,336,178,72.8592
node,657,tx,-1,6,95278,336,178,72.9943
rsu,15,rx,-1,0,95278,336,178,72.9944
node,237,tx,-1,12,95501,336,178,73.3468
node,231,tx,-1,0,95673,336,178,73.7031
rsu,15,tx,-1,0,95847,336,178,73.78
rsu,10,tx,-1,0,96082,336,178,73.8592
rsu,15,tx,-1,0,96335,336,178,74.78
rsu,10,tx,-1,0,96563,336,178,74.8592
rsu,15,tx,-1,0,96815,336,178,75.78
rsu,10,tx,-1,0,97045,336,178,75.8592
node,453,tx,-1,10,97302,336,178,76.1174
node,471,tx,-1,12,97513,336,178,76.4646
rsu,15,tx,-1,0,97670,336,178,76.78
rsu,10,tx,-1,0,97899,336,178,76.8592
node,249,tx,-1,2,98146,336,178,77.609
rsu,15,rx,-1,0,98146,336,178,77.6091
node,777,tx,-1,7,98400,336,178,77.7791
rsu,15,tx,-1,0,98625,336,178,77.78
rsu,10,tx,-1,0,98846,336,178,77.8592
node,573,tx,-1,12,99094,336,178,78.1702
node,213,tx,-1,7,99275,336,178,78.5879
rsu,15,tx,-1,0,99474,336,178,78.78
rsu,10,tx,-1,0,99696,336,178,78.8592
rsu,15,tx,-1,0,99944,336,178,79.78
node,603,tx,-1,0,100162,336,178,79.8036
rsu,10,rx,-1,0,100162,336,178,79.8038
rsu,10,tx,-1,0,100345,336,178,79.8592
rsu,15,tx,-1,0,100582,336,178,80.78
rsu,10,tx,-1,0,100797,336,178,80.8592
node,363,tx,-1,0,101031,336,178,80.933
node,279,tx,-1,10,101250,336,178,81.0546
node,819,tx,-1,8,101429,336,178,81.3449
rsu,15,tx,-1,0,101616,336,178,81.78
rsu,10,tx,-1,0,101830,336,178,81.8592
rsu,15,tx,-1,0,102075,336,178,82.78
node,369,tx,-1,11,102287,336,178,82.7813
rsu,10,tx,-1,0,102468,336,178,82.8592
rsu,15,tx,-1,0,102705,336,178,83.78
rsu,10,tx,-1,0,102922,336,178,83.8592
rsu,15,tx,-1,0,103164,336,178,84.78
rsu,10,tx,-1,0,103383,336,178,84.8592
node,771,tx,-1,12,103628,336,178,85.2612
node,387,tx,-1,11,103818,336,178,85.4702
rsu,15,tx,-1,0,103988,336,178,85.78
rsu,10,tx,-1,0,104206,336,178,85.8592
node,189,tx,-1,9,104452,336,178,86.1088
node,447,tx,-1,0,104665,336,178,86.6265
rsu,10,rx,-1,0,104665,336,178,86.6266
rsu,15,tx,-1,0,104842,336,178,86.78
rsu,10,tx,-1,0,105058,336,178,86.8592
node,285,tx,-1,4,105303,336,178,87.574
rsu,15,tx,-1,0,105457,336,178,87.78
rsu,10,tx,-1,0,105672,336,178,87.8592
rsu,15,tx,-1,0,105916,336,178,88.78
rsu,10,tx,-1,0,106127,336,178,88.8592
rsu,15,tx,-1,0,106372,336,178,89.78
rsu,10,tx,-1,0,106585,336,178,89.8592
node,579,tx,-1,0,106832,336,178,90.6602
rsu,15,tx,-1,0,106990,336,178,90.78
node,519,tx,-1,9,107195,336,178,90.7916
rsu,10,rx,-1,0,107195,336,178,90.7917
node,633,tx,-1,0,107364,336,178,90.8337
rsu,10,tx,-1,0,107516,336,178,90.8592
node,225,tx,-1,4,107763,336,178,90.939
node,171,tx,-1,2,107974,336,178,91.4961
rsu,15,tx,-1,0,108153,336,178,91.78
rsu,10,tx,-1,0,108356,336,178,91.8592
node,27,tx,-1,11,108604,336,178,91.9474
node,21,tx,-1,2,108740,336,178,92.0257
rsu,15,tx,-1,0,108921,336,178,92.78
rsu,10,tx,-1,0,109123,336,178,92.8592
node,81,tx,-1,10,109371,336,178,93.6169
rsu,15,tx,-1,0,109509,336,178,93.78
rsu,10,tx,-1,0,109709,336,178,93.8592
node,393,tx,-1,7,109954,336,178,94.0003
node,825,tx,-1,1,110084,336,178,94.4092
rsu,15,tx,-1,0,110229,336,178,94.78
rsu,10,tx,-1,0,110434,336,178,94.8592
rsu,15,tx,-1,0,110676,336,178,95.78
rsu,10,tx,-1,0,110872,336,178,95.8592
node,381,tx,-1,10,111111,336,178,96.3357
node,435,tx,-1,6,111262,336,178,96.6465
rsu,15,rx,-1,0,111262,336,178,96.6466
rsu,15,tx,-1,0,111448,336,178,96.78
rsu,10,tx,-1,0,111635,336,178,96.8592
rsu,15,tx,-1,0,111866,336,178,97.78
rsu,10,tx,-1,0,112057,336,178,97.8592
node,681,tx,-1,6,112288,336,178,98.5183
rsu,15,tx,-1,0,112474,336,178,98.78
rsu,10,tx,-1,0,112656,336,178,98.8592
node,33,tx,-1,10,112880,336,178,99.0073
node,693,tx,-1,10,113042,336,178,99.5534
rsu,10,rx,-1,0,113042,336,178,99.5535
rsu,15,tx,-1,0,113246,336,178,99.78
node,255,tx,-1,10,113434,336,178,99.8
rsu,10,tx,-1,0,113572,336,178,99.8592
