rsu,15,tx,-1,0,30,336,178,0.621489
rsu,10,tx,-1,0,42,336,178,0.815837
node,285,tx,-1,0,1830,336,178,1.45126
rsu,15,tx,-1,0,1987,336,178,1.62149
rsu,10,tx,-1,0,2250,336,178,1.81584
node,759,tx,-1,0,2547,336,178,1.82156
rsu,15,tx,-1,0,2754,336,178,2.62149
rsu,10,tx,-1,0,3020,336,178,2.81584
node,39,tx,-1,1,3334,336,178,3.19986
node,477,tx,-1,1,3499,336,178,3.45672
node,21,tx,-1,1,3682,336,178,3.4704
node,717,tx,-1,1,3833,336,178,3.50304
node,417,tx,-1,2,4019,336,178,3.5649
rsu,15,tx,-1,0,4169,336,178,3.62149
node,603,tx,-1,4,4431,336,178,3.7657
rsu,10,rx,-1,0,4431,336,178,3.76582
rsu,10,tx,-1,0,4639,336,178,3.81584
node,609,tx,-1,2,4998,336,178,4.29779
rsu,15,rx,-1,0,4998,336,178,4.29789
node,753,tx,-1,5,5183,336,178,4.44477
rsu,15,tx,-1,0,5365,336,178,4.62149
rsu,10,tx,-1,0,5633,336,178,4.81584
node,555,tx,-1,1,5937,336,178,4.99665
rsu,15,rx,-1,0,5937,336,178,4.99676
rsu,15,tx,-1,0,6236,336,178,5.62149
node,345,tx,-1,6,6505,336,178,5.62218
rsu,10,rx,-1,0,6505,336,178,5.62229
rsu,10,tx,-1,0,6718,336,178,5.81584
node,141,tx,-1,7,7027,336,178,6.02702
node,171,tx,-1,6,7223,336,178,6.04982
node,291,tx,-1,7,7415,336,178,6.0783
rsu,15,tx,-1,0,7587,336,178,6.62149
rsu,10,tx,-1,0,7848,336,178,6.81584
rsu,15,tx,-1,0,8157,336,178,7.62149
node,273,tx,-1,5,8407,336,178,7.75311
rsu,10,tx,-1,0,8551,336,178,7.81584
node,507,tx,-1,7,8856,336,178,8.01841
rsu,15,tx,-1,0,9054,336,178,8.62149
rsu,10,tx,-1,0,9298,336,178,8.81584
node,375,tx,-1,6,9598,336,178,8.87052
node,123,tx,-1,7,9782,336,178,9.19329
rsu,10,rx,-1,0,9782,336,178,9.1934
rsu,15,tx,-1,0,10033,336,178,9.62149
rsu,10,tx,-1,0,10277,336,178,9.81584
rsu,15,tx,-1,0,10574,336,178,10.6215
rsu,10,tx,-1,0,10815,336,178,10.8158
node,675,tx,-1,2,11122,336,178,11.1604
rsu,15,rx,-1,0,11122,336,178,11.1605
rsu,15,tx,-1,0,11372,336,178,11.6215
rsu,10,tx,-1,0,11611,336,178,11.8158
node,735,tx,-1,10,11904,336,178,12.1841
node,693,tx,-1,5,12106,336,178,12.5392
rsu,15,tx,-1,0,12275,336,178,12.6215
node,135,tx,-1,9,12515,336,178,12.7513
node,189,tx,-1,10,12675,336,178,12.7887
rsu,10,tx,-1,0,12846,336,178,12.8158
node,471,tx,-1,11,13131,336,178,13.2155
rsu,15,rx,-1,0,13131,336,178,13.2156
rsu,15,tx,-1,0,13307,336,178,13.6215
rsu,10,tx,-1,0,13543,336,178,13.8158
rsu,15,tx,-1,0,14079,336,178,14.6215
rsu,10,tx,-1,0,14310,336,178,14.8158
node,357,tx,-1,11,14603,336,178,14.8452
node,261,tx,-1,6,14757,336,178,15.0499
rsu,10,rx,-1,0,14757,336,178,15.05
node,747,tx,-1,11,14975,336,178,15.2865
rsu,15,tx,-1,0,15136,336,178,15.6215
rsu,10,tx,-1,0,15367,336,178,15.8158
node,279,tx,-1,0,19935,336,178,16.2197
node,339,tx,-1,11,20109,336,178,16.2509
rsu,15,tx,-1,0,20283,336,178,16.6215
rsu,10,tx,-1,0,20523,336,178,16.8158
node,81,tx,-1,12,20814,336,178,17.1277
node,27,tx,-1,11,20991,336,178,17.339
rsu,15,tx,-1,0,21156,336,178,17.6215
rsu,10,tx,-1,0,21398,336,178,17.8158
node,777,tx,-1,11,25374,336,178,18.1676
node,549,tx,-1,12,32249,336,178,18.4763
rsu,15,tx,-1,0,32441,336,178,18.6215
rsu,10,tx,-1,0,32676,336,178,18.8158
node,621,tx,-1,11,32954,336,178,19.3231
rsu,15,tx,-1,0,33205,336,178,19.6215
rsu,10,tx,-1,0,33433,336,178,19.8158
node,105,tx,-1,12,34502,336,178,20.1148
node,711,tx,-1,1,40655,336,178,20.2268
node,309,tx,-1,11,41050,336,178,20.2371
node,801,tx,-1,10,48598,336,178,20.5458
rsu,15,tx,-1,0,48800,336,178,20.6215
rsu,10,tx,-1,0,49035,336,178,20.8158
node,405,tx,-1,8,49307,336,178,21.5256
rsu,15,rx,-1,0,49307,336,178,21.5257
rsu,15,tx,-1,0,49524,336,178,21.6215
node,183,tx,-1,10,49755,336,178,21.6851
rsu,10,tx,-1,0,49922,336,178,21.8158
node,771,tx,-1,7,51410,336,178,22.2294
node,819,tx,-1,11,55361,336,178,22.4259
rsu,15,tx,-1,0,56262,336,178,22.6215
node,561,tx,-1,10,56489,336,178,22.6523
node,627,tx,-1,11,56651,336,178,22.6648
rsu,10,tx,-1,0,56830,336,178,22.8158
rsu,15,tx,-1,0,57099,336,178,23.6215
node,681,tx,-1,11,57319,336,178,23.8124
rsu,10,tx,-1,0,57499,336,178,23.8158
node,249,tx,-1,10,57771,336,178,24.1243
node,669,tx,-1,0,58133,336,178,24.6144
rsu,10,rx,-1,0,58133,336,178,24.6145
rsu,15,tx,-1,0,58305,336,178,24.6215
node,327,tx,-1,12,58527,336,178,24.6727
rsu,10,tx,-1,0,58700,336,178,24.8158
rsu,15,tx,-1,0,58962,336,178,25.6215
rsu,10,tx,-1,0,59178,336,178,25.8158
node,501,tx,-1,0,59442,336,178,25.8281
rsu,10,rx,-1,0,59442,336,178,25.8282
node,807,tx,-1,10,59674,336,178,25.8468
node,267,tx,-1,12,59862,336,178,25.9566
node,579,tx,-1,12,60074,336,178,26.0285
node,297,tx,-1,10,60310,336,178,26.261
rsu,15,tx,-1,0,60472,336,178,26.6215
rsu,10,tx,-1,0,60685,336,178,26.8158
node,459,tx,-1,11,60944,336,178,27.2395
rsu,15,tx,-1,0,61170,336,178,27.6215
node,315,tx,-1,11,61390,336,178,27.6625
rsu,10,tx,-1,0,61592,336,178,27.8158
node,615,tx,-1,11,61855,336,178,28.3311
rsu,15,rx,-1,0,61855,336,178,28.3312
rsu,15,tx,-1,0,62023,336,178,28.6215
node,303,tx,-1,11,62247,336,178,28.7155
rsu,10,rx,-1,0,62247,336,178,28.7156
rsu,10,tx,-1,0,62446,336,178,28.8158
node,243,tx,-1,11,62726,336,178,28.9452
rsu,15,rx,-1,0,62726,336,178,28.9453
node,585,tx,-1,9,62929,336,178,28.9937
node,453,tx,-1,12,63114,336,178,29.0704
rsu,15,tx,-1,0,63278,336,178,29.6215
node,33,tx,-1,0,63506,336,178,29.6433
node,381,tx,-1,12,63712,336,178,29.659
rsu,10,tx,-1,0,63886,336,178,29.8158
node,663,tx,-1,10,64157,336,178,30.0278
node,369,tx,-1,8,64323,336,178,30.1596
node,387,tx,-1,10,64509,336,178,30.4271
node,63,tx,-1,9,64711,336,178,30.5429
rsu,15,tx,-1,0,64872,336,178,30.6215
rsu,10,tx,-1,0,65100,336,178,30.8158
node,525,tx,-1,0,65372,336,178,30.9682
rsu,15,tx,-1,0,65543,336,178,31.6215
node,93,tx,-1,5,65774,336,178,31.6385
rsu,15,rx,-1,0,65774,336,178,31.6386
node,147,tx,-1,4,65964,336,178,31.8141
rsu,15,rx,-1,0,65964,336,178,31.8142
rsu,10,tx,-1,0,66188,336,178,31.8158
rsu,15,tx,-1,0,66452,336,178,32.6215
rsu,10,tx,-1,0,66680,336,178,32.8158
rsu,15,tx,-1,0,66940,336,178,33.6215
rsu,10,tx,-1,0,67165,336,178,33.8158
node,687,tx,-1,9,67430,336,178,33.9257
rsu,15,rx,-1,0,67430,336,178,33.9258
rsu,15,tx,-1,0,67618,336,178,34.6215
rsu,10,tx,-1,0,67841,336,178,34.8158
node,45,tx,-1,11,68104,336,178,35.5294
rsu,15,rx,-1,0,68104,336,178,35.5295
rsu,15,tx,-1,0,68280,336,178,35.6215
rsu,10,tx,-1,0,68506,336,178,35.8158
rsu,15,tx,-1,0,68769,336,178,36.6215
rsu,10,tx,-1,0,68996,336,178,36.8158
node,117,tx,-1,11,69258,336,178,36.888
node,219,tx,-1,12,69455,336,178,37.1926
rsu,10,rx,-1,0,69455,336,178,37.1928
node,195,tx,-1,6,69664,336,178,37.466
rsu,15,tx,-1,0,69838,336,178,37.6215
rsu,10,tx,-1,0,70063,336,178,37.8158
node,399,tx,-1,12,70324,336,178,38.084
node,813,tx,-1,4,70525,336,178,38.2983
rsu,15,tx,-1,0,70726,336,178,38.6215
rsu,10,tx,-1,0,70960,336,178,38.8158
node,165,tx,-1,11,71223,336,178,39.0372
rsu,15,tx,-1,0,71411,336,178,39.6215
rsu,10,tx,-1,0,71648,336,178,39.8158
rsu,15,tx,-1,0,71914,336,178,40.6215
node,723,tx,-1,8,72162,336,178,40.6726
rsu,10,tx,-1,0,72363,336,178,40.8158
rsu,15,tx,-1,0,72636,336,178,41.6215
node,75,tx,-1,8,72890,336,178,41.7647
rsu,10,tx,-1,0,73071,336,178,41.8158
node,543,tx,-1,0,73342,336,178,41.8838
node,699,tx,-1,11,73527,336,178,41.9145
node,255,tx,-1,12,73718,336,178,42.393
rsu,10,rx,-1,0,73718,336,178,42.3931
rsu,15,tx,-1,0,73950,336,178,42.6215
node,321,tx,-1,2,74204,336,178,42.6395
node,201,tx,-1,6,74348,336,178,42.73
rsu,10,tx,-1,0,74492,336,178,42.8158
node,537,tx,-1,10,74762,336,178,42.8896
rsu,15,tx,-1,0,74929,336,178,43.6215
rsu,10,tx,-1,0,75183,336,178,43.8158
node,831,tx,-1,1,75452,336,178,43.8833
rsu,15,tx,-1,0,75633,336,178,44.6215
rsu,10,tx,-1,0,75893,336,178,44.8158
node,465,tx,-1,0,76159,336,178,45.1857
node,513,tx,-1,8,76381,336,178,45.3307
rsu,15,rx,-1,0,76381,336,178,45.3308
rsu,15,tx,-1,0,76570,336,178,45.6215
rsu,10,tx,-1,0,76821,336,178,45.8158
node,87,tx,-1,10,77083,336,178,45.8279
rsu,10,rx,-1,0,77083,336,178,45.828
node,783,tx,-1,6,77282,336,178,46.124
node,825,tx,-1,8,77485,336,178,46.1791
node,591,tx,-1,10,77651,336,178,46.5639
rsu,10,rx,-1,0,77651,336,178,46.564
rsu,15,tx,-1,0,77893,336,178,46.6215
rsu,10,tx,-1,0,78141,336,178,46.8158
node,99,tx,-1,12,78408,336,178,46.8983
node,435,tx,-1,10,78639,336,178,47.1092
rsu,15,tx,-1,0,78838,336,178,47.6215
node,159,tx,-1,9,79086,336,178,47.6685
node,129,tx,-1,12,79268,336,178,47.7213
node,495,tx,-1,11,79447,336,178,47.7952
rsu,10,tx,-1,0,79603,336,178,47.8158
node,519,tx,-1,0,79876,336,178,48.2286
node,333,tx,-1,11,80044,336,178,48.6202
rsu,15,tx,-1,0,80222,336,178,48.6215
node,111,tx,-1,4,80472,336,178,48.794
rsu,10,tx,-1,0,80730,336,178,48.8158
node,639,tx,-1,12,81000,336,178,49.4459
rsu,15,tx,-1,0,81173,336,178,49.6215
rsu,10,tx,-1,0,81413,336,178,49.8158
node,177,tx,-1,9,81672,336,178,50.4714
rsu,15,tx,-1,0,81884,336,178,50.6215
rsu,10,tx,-1,0,82112,336,178,50.8158
node,225,tx,-1,10,82366,336,178,51.3337
rsu,15,tx,-1,0,82588,336,178,51.6215
rsu,10,tx,-1,0,82818,336,178,51.8158
node,153,tx,-1,12,83072,336,178,51.8262
node,567,tx,-1,9,83257,336,178,52.2801
node,207,tx,-1,12,83404,336,178,52.3327
node,51,tx,-1,10,83588,336,178,52.4575
rsu,15,rx,-1,0,83588,336,178,52.4576
rsu,15,tx,-1,0,83800,336,178,52.6215
node,429,tx,-1,11,84029,336,178,52.7217
node,231,tx,-1,1,84239,336,178,52.7447
rsu,10,tx,-1,0,84406,336,178,52.8158
node,351,tx,-1,11,84657,336,178,53.1676
node,69,tx,-1,11,84835,336,178,53.4518
rsu,10,rx,-1,0,84835,336,178,53.4519
node,837,tx,-1,9,85031,336,178,53.6122
rsu,15,rx,-1,0,85031,336,178,53.6123
rsu,15,tx,-1,0,85242,336,178,53.6215
rsu,10,tx,-1,0,85473,336,178,53.8158
node,651,tx,-1,12,85723,336,178,54.4107
rsu,15,tx,-1,0,85908,336,178,54.6215
node,447,tx,-1,0,86135,336,178,54.8135
rsu,10,rx,-1,0,86135,336,178,54.8136
rsu,10,tx,-1,0,86316,336,178,54.8158
rsu,15,tx,-1,0,86561,336,178,55.6215
node,363,tx,-1,11,86785,336,178,55.7809
node,483,tx,-1,10,86974,336,178,55.7819
rsu,10,tx,-1,0,87169,336,178,55.8158
node,213,tx,-1,11,87416,336,178,55.8783
node,705,tx,-1,1,87563,336,178,55.9991
node,237,tx,-1,11,87726,336,178,56.4651
node,741,tx,-1,12,87969,336,178,56.4786
rsu,15,rx,-1,0,87969,336,178,56.4787
node,597,tx,-1,7,88180,336,178,56.5021
rsu,15,tx,-1,0,88433,336,178,56.6215
node,57,tx,-1,0,88658,336,178,56.783
node,657,tx,-1,7,88850,336,178,56.7927
rsu,15,rx,-1,0,88850,336,178,56.7928
rsu,10,tx,-1,0,89055,336,178,56.8158
node,789,tx,-1,7,89302,336,178,57.4035
rsu,15,tx,-1,0,89469,336,178,57.6215
rsu,10,tx,-1,0,89697,336,178,57.8158
node,441,tx,-1,10,89950,336,178,58.0789
node,531,tx,-1,10,90143,336,178,58.1069
rsu,10,rx,-1,0,90143,336,178,58.107
node,423,tx,-1,12,90342,336,178,58.4428
node,729,tx,-1,10,90574,336,178,58.4744
rsu,10,rx,-1,0,90574,336,178,58.4745
node,633,tx,-1,11,90777,336,178,58.6167
rsu,15,tx,-1,0,90965,336,178,58.6215
node,411,tx,-1,11,91192,336,178,58.6646
rsu,10,tx,-1,0,91360,336,178,58.8158
node,765,tx,-1,11,91607,336,178,58.8302
node,393,tx,-1,11,91757,336,178,59.3082
rsu,15,tx,-1,0,91930,336,178,59.6215
rsu,10,tx,-1,0,92153,336,178,59.8158
node,795,tx,-1,12,92391,336,178,60.1678
node,645,tx,-1,12,92567,336,178,60.4215
rsu,15,tx,-1,0,92760,336,178,60.6215
node,573,tx,-1,12,92979,336,178,60.8082
rsu,10,tx,-1,0,93174,336,178,60.8158
node,285,tx,-1,0,93414,336,178,61.4513
rsu,15,tx,-1,0,93578,336,178,61.6215
rsu,10,tx,-1,0,93789,336,178,61.8158
node,759,tx,-1,11,94033,336,178,61.8216
rsu,15,tx,-1,0,94200,336,178,62.6215
rsu,10,tx,-1,0,94414,336,178,62.8158
node,39,tx,-1,12,94652,336,178,63.1999
node,477,tx,-1,12,94847,336,178,63.4567
node,21,tx,-1,11,95041,336,178,63.4704
node,717,tx,-1,0,95228,336,178,63.503
rsu,10,rx,-1,0,95228,336,178,63.5032
node,417,tx,-1,4,95403,336,178,63.5649
rsu,15,tx,-1,0,95611,336,178,63.6215
node,603,tx,-1,4,95830,336,178,63.7657
rsu,10,rx,-1,0,95830,336,178,63.7658
rsu,10,tx,-1,0,96011,336,178,63.8158
node,609,tx,-1,1,96255,336,178,64.2978
node,753,tx,-1,9,96455,336,178,64.4448
rsu,15,tx,-1,0,96655,336,178,64.6215
rsu,10,tx,-1,0,96869,336,178,64.8158
node,555,tx,-1,8,97124,336,178,64.9967
rsu,15,tx,-1,0,97325,336,178,65.6215
node,345,tx,-1,10,97545,336,178,65.6222
rsu,10,tx,-1,0,97708,336,178,65.8158
node,141,tx,-1,7,97966,336,178,66.027
node,171,tx,-1,8,98129,336,178,66.0498
node,291,tx,-1,12,98330,336,178,66.0783
rsu,15,tx,-1,0,98516,336,178,66.6215
rsu,10,tx,-1,0,98740,336,178,66.8158
rsu,15,tx,-1,0,99001,336,178,67.6215
node,273,tx,-1,9,99230,336,178,67.7531
rsu,10,rx,-1,0,99230,336,178,67.7532
rsu,10,tx,-1,0,99422,336,178,67.8158
node,507,tx,-1,0,99678,336,178,68.0184
rsu,15,rx,-1,0,99678,336,178,68.0185
rsu,15,tx,-1,0,99934,336,178,68.6215
rsu,10,tx,-1,0,100163,336,178,68.8158
node,375,tx,-1,10,100420,336,178,68.8705
rsu,10,rx,-1,0,100420,336,178,68.8706
rsu,15,tx,-1,0,100629,336,178,69.6215
rsu,10,tx,-1,0,100853,336,178,69.8158
rsu,15,tx,-1,0,101103,336,178,70.6215
rsu,10,tx,-1,0,101330,336,178,70.8158
node,675,tx,-1,3,101581,336,178,71.1604
rsu,15,tx,-1,0,101794,336,178,71.6215
rsu,10,tx,-1,0,102025,336,178,71.8158
node,735,tx,-1,12,102275,336,178,72.1841
node,693,tx,-1,12,102439,336,178,72.5392
rsu,10,rx,-1,0,102439,336,178,72.5393
rsu,15,tx,-1,0,102644,336,178,72.6215
node,135,tx,-1,10,102873,336,178,72.7513
node,189,tx,-1,10,103047,336,178,72.7887
rsu,10,tx,-1,0,103224,336,178,72.8158
node,471,tx,-1,0,103478,336,178,73.2155
rsu,15,tx,-1,0,103692,336,178,73.6215
rsu,10,tx,-1,0,103923,336,178,73.8158
rsu,15,tx,-1,0,104180,336,178,74.6215
rsu,10,tx,-1,0,104412,336,178,74.8158
node,357,tx,-1,11,104672,336,178,74.8452
node,261,tx,-1,1,104846,336,178,75.0499
rsu,15,tx,-1,0,105045,336,178,75.6215
rsu,10,tx,-1,0,105267,336,178,75.8158
node,279,tx,-1,1,105513,336,178,76.2197
rsu,15,tx,-1,0,105656,336,178,76.6215
rsu,10,tx,-1,0,105891,336,178,76.8158
node,81,tx,-1,10,106138,336,178,77.1277
node,27,tx,-1,11,106288,336,178,77.339
rsu,15,tx,-1,0,106427,336,178,77.6215
rsu,10,tx,-1,0,106658,336,178,77.8158
node,777,tx,-1,6,106906,336,178,78.1676
node,549,tx,-1,12,107125,336,178,78.4763
rsu,15,tx,-1,0,107280,336,178,78.6215
rsu,10,tx,-1,0,107514,336,178,78.8158
node,621,tx,-1,10,107765,336,178,79.3231
rsu,15,tx,-1,0,107968,336,178,79.6215
rsu,10,tx,-1,0,108198,336,178,79.8158
node,105,tx,-1,3,108434,336,178,80.1148
node,711,tx,-1,2,108630,336,178,80.2268
node,309,tx,-1,11,108791,336,178,80.2371
rsu,15,tx,-1,0,108963,336,178,80.6215
rsu,10,tx,-1,0,109196,336,178,80.8158
node,405,tx,-1,9,109435,336,178,81.5256
rsu,15,tx,-1,0,109597,336,178,81.6215
node,183,tx,-1,11,109825,336,178,81.6851
rsu,10,tx,-1,0,110010,336,178,81.8158
node,771,tx,-1,12,110250,336,178,82.2294
node,819,tx,-1,11,110434,336,178,82.4259
rsu,15,tx,-1,0,110623,336,178,82.6215
node,561,tx,-1,8,110841,336,178,82.6523
node,627,tx,-1,3,111059,336,178,82.6648
rsu,10,tx,-1,0,111254,336,178,82.8158
rsu,15,tx,-1,0,111491,336,178,83.6215
node,681,tx,-1,4,111710,336,178,83.8124
rsu,15,rx,-1,0,111710,336,178,83.8125
rsu,10,tx,-1,0,111949,336,178,83.8158
node,249,tx,-1,1,112188,336,178,84.1243
node,669,tx,-1,11,112374,336,178,84.6144
rsu,15,tx,-1,0,112511,336,178,84.6215
node,327,tx,-1,0,112723,336,178,84.6727
rsu,10,tx,-1,0,112891,336,178,84.8158
rsu,15,tx,-1,0,113131,336,178,85.6215
rsu,10,tx,-1,0,113345,336,178,85.8158
node,501,tx,-1,12,113585,336,178,85.8281
node,807,tx,-1,8,113761,336,178,85.8468
node,267,tx,-1,12,113953,336,178,85.9566
rsu,15,rx,-1,0,113953,336,178,85.9567
node,579,tx,-1,9,114153,336,178,86.0285
rsu,15,tx,-1,0,114317,336,178,86.6215
rsu,10,tx,-1,0,114527,336,178,86.8158
node,459,tx,-1,7,114764,336,178,87.2395
rsu,15,rx,-1,0,114764,336,178,87.2396
rsu,15,tx,-1,0,114969,336,178,87.6215
node,315,tx,-1,0,115181,336,178,87.6625
rsu,15,rx,-1,0,115181,336,178,87.6626
rsu,10,tx,-1,0,115394,336,178,87.8158
node,615,tx,-1,12,115642,336,178,88.3311
rsu,15,rx,-1,0,115642,336,178,88.3312
rsu,15,tx,-1,0,115837,336,178,88.6215
node,303,tx,-1,4,116045,336,178,88.7155
rsu,10,rx,-1,0,116045,336,178,88.7156
rsu,10,tx,-1,0,116219,336,178,88.8158
node,243,tx,-1,10,116469,336,178,88.9452
node,585,tx,-1,10,116651,336,178,88.9937
node,453,tx,-1,0,116830,336,178,89.0704
rsu,15,tx,-1,0,117039,336,178,89.6215
node,33,tx,-1,10,117247,336,178,89.6433
node,381,tx,-1,9,117430,336,178,89.659
rsu,10,tx,-1,0,117605,336,178,89.8158
node,663,tx,-1,11,117859,336,178,90.0278
node,369,tx,-1,8,118014,336,178,90.1596
node,387,tx,-1,11,118193,336,178,90.4271
node,63,tx,-1,11,118371,336,178,90.5429
rsu,10,rx,-1,0,118371,336,178,90.543
rsu,15,tx,-1,0,118587,336,178,90.6215
rsu,10,tx,-1,0,118793,336,178,90.8158
node,525,tx,-1,0,119049,336,178,90.9682
rsu,15,tx,-1,0,119198,336,178,91.6215
node,93,tx,-1,0,119406,336,178,91.6385
node,147,tx,-1,10,119598,336,178,91.8141
rsu,10,tx,-1,0,119781,336,178,91.8158
rsu,15,tx,-1,0,120044,336,178,92.6215
rsu,10,tx,-1,0,120247,336,178,92.8158
rsu,15,tx,-1,0,120504,336,178,93.6215
rsu,10,tx,-1,0,120705,336,178,93.8158
node,687,tx,-1,10,120959,336,178,93.9257
rsu,15,tx,-1,0,121092,336,178,94.6215
rsu,10,tx,-1,0,121289,336,178,94.8158
node,45,tx,-1,8,121539,336,178,95.5294
rsu,15,tx,-1,0,121689,336,178,95.6215
rsu,10,tx,-1,0,121885,336,178,95.8158
rsu,15,tx,-1,0,122129,336,178,96.6215
rsu,10,tx,-1,0,122320,336,178,96.8158
node,195,tx,-1,12,122560,336,178,97.466
rsu,15,tx,-1,0,122740,336,178,97.6215
rsu,10,tx,-1,0,122937,336,178,97.8158
node,399,tx,-1,10,123176,336,178,98.084
node,813,tx,-1,12,123341,336,178,98.2983
rsu,15,tx,-1,0,123512,336,178,98.6215
rsu,10,tx,-1,0,123716,336,178,98.8158
node,165,tx,-1,7,123958,336,178,99.0372
rsu,15,tx,-1,0,124126,336,178,99.6215
rsu,10,tx,-1,0,124333,336,178,99.8158
