rsu,15,tx,-1,0,30,336,178,0.609036
rsu,10,tx,-1,0,42,336,178,0.714816
node,273,tx,-1,0,1830,336,178,1.23525
rsu,15,tx,-1,0,1964,336,178,1.60904
rsu,10,tx,-1,0,2227,336,178,1.71482
node,429,tx,-1,0,2523,336,178,1.98902
rsu,15,rx,-1,0,2523,336,178,1.98913
rsu,15,tx,-1,0,2778,336,178,2.60904
rsu,10,tx,-1,0,3039,336,178,2.71482
node,315,tx,-1,2,3381,336,178,3.03266
node,585,tx,-1,4,3581,336,178,3.57391
rsu,15,tx,-1,0,3751,336,178,3.60904
rsu,10,tx,-1,0,4019,336,178,3.71482
node,123,tx,-1,1,4322,336,178,3.84433
rsu,10,rx,-1,0,4322,336,178,3.84445
node,723,tx,-1,0,4590,336,178,3.95949
rsu,15,tx,-1,0,4806,336,178,4.60904
rsu,10,tx,-1,0,5069,336,178,4.71482
node,579,tx,-1,1,5371,336,178,4.75401
node,183,tx,-1,1,5570,336,178,4.90407
node,663,tx,-1,4,5786,336,178,5.10008
rsu,15,rx,-1,0,5786,336,178,5.10019
node,369,tx,-1,7,6023,336,178,5.41914
node,63,tx,-1,3,6205,336,178,5.49692
node,135,tx,-1,6,6388,336,178,5.54238
rsu,15,tx,-1,0,6574,336,178,5.60904
rsu,10,tx,-1,0,6835,336,178,5.71482
rsu,15,tx,-1,0,7153,336,178,6.60904
rsu,10,tx,-1,0,7411,336,178,6.71482
node,549,tx,-1,10,7717,336,178,7.03301
node,201,tx,-1,9,7877,336,178,7.58909
rsu,10,rx,-1,0,7877,336,178,7.5892
rsu,15,tx,-1,0,8073,336,178,7.60904
rsu,10,tx,-1,0,8325,336,178,7.71482
node,573,tx,-1,5,8642,336,178,8.36735
node,507,tx,-1,7,8823,336,178,8.39367
node,279,tx,-1,2,9022,336,178,8.44088
rsu,15,tx,-1,0,9190,336,178,8.60904
rsu,10,tx,-1,0,9436,336,178,8.71482
node,597,tx,-1,8,9748,336,178,8.97052
node,813,tx,-1,3,9946,336,178,9.34219
rsu,15,tx,-1,0,10111,336,178,9.60904
rsu,10,tx,-1,0,10355,336,178,9.71482
node,225,tx,-1,9,10652,336,178,9.92361
rsu,15,rx,-1,0,10652,336,178,9.92372
node,837,tx,-1,0,10835,336,178,10.0263
rsu,15,rx,-1,0,10835,336,178,10.0264
rsu,15,tx,-1,0,11092,336,178,10.609
rsu,10,tx,-1,0,11337,336,178,10.7148
node,489,tx,-1,10,11626,336,178,10.9071
node,291,tx,-1,9,11831,336,178,11.4268
rsu,10,rx,-1,0,11831,336,178,11.4269
rsu,15,tx,-1,0,12057,336,178,11.609
node,231,tx,-1,12,12293,336,178,11.6445
rsu,10,tx,-1,0,12467,336,178,11.7148
node,561,tx,-1,11,12751,336,178,11.791
node,783,tx,-1,11,12931,336,178,12.3223
node,255,tx,-1,10,13113,336,178,12.5943
rsu,10,rx,-1,0,13113,336,178,12.5945
rsu,15,tx,-1,0,13349,336,178,12.609
rsu,10,tx,-1,0,13583,336,178,12.7148
node,537,tx,-1,12,13870,336,178,13.2587
rsu,10,rx,-1,0,13870,336,178,13.2588
rsu,15,tx,-1,0,14084,336,178,13.609
rsu,10,tx,-1,0,14315,336,178,13.7148
node,765,tx,-1,9,14605,336,178,13.8228
rsu,15,tx,-1,0,14791,336,178,14.609
node,381,tx,-1,10,15025,336,178,14.6189
rsu,10,tx,-1,0,15191,336,178,14.7148
node,87,tx,-1,12,15483,336,178,14.7258
rsu,10,rx,-1,0,15483,336,178,14.7259
node,639,tx,-1,10,15709,336,178,14.7276
rsu,15,tx,-1,0,16142,336,178,15.609
rsu,10,tx,-1,0,16377,336,178,15.7148
node,171,tx,-1,10,16668,336,178,15.7272
node,771,tx,-1,6,16847,336,178,15.902
rsu,10,rx,-1,0,16847,336,178,15.9021
node,117,tx,-1,10,17068,336,178,16.2208
rsu,10,rx,-1,0,17068,336,178,16.2209
rsu,15,tx,-1,0,17308,336,178,16.609
node,801,tx,-1,11,17547,336,178,16.6139
node,795,tx,-1,12,17730,336,178,16.675
node,525,tx,-1,0,17926,336,178,16.7105
rsu,10,tx,-1,0,18136,336,178,16.7148
node,447,tx,-1,10,18428,336,178,16.9478
rsu,10,rx,-1,0,18428,336,178,16.948
node,45,tx,-1,8,18645,336,178,16.9884
rsu,15,tx,-1,0,23268,336,178,17.609
rsu,10,tx,-1,0,23511,336,178,17.7148
node,375,tx,-1,12,23795,336,178,17.7539
node,495,tx,-1,6,24015,336,178,18.1147
rsu,15,tx,-1,0,24215,336,178,18.609
node,621,tx,-1,11,24445,336,178,18.6666
rsu,10,tx,-1,0,24683,336,178,18.7148
node,633,tx,-1,12,36917,336,178,19.4443
rsu,15,tx,-1,0,37103,336,178,19.609
rsu,10,tx,-1,0,37325,336,178,19.7148
node,441,tx,-1,6,37600,336,178,19.7323
rsu,15,tx,-1,0,37802,336,178,20.609
node,399,tx,-1,0,38025,336,178,20.6993
rsu,10,tx,-1,0,38271,336,178,20.7148
node,435,tx,-1,5,38547,336,178,20.9497
rsu,10,rx,-1,0,38547,336,178,20.9498
node,627,tx,-1,12,45548,336,178,21.2308
rsu,15,tx,-1,0,51815,336,178,21.609
rsu,10,tx,-1,0,52034,336,178,21.7148
node,111,tx,-1,0,52314,336,178,22.1004
rsu,15,rx,-1,0,52314,336,178,22.1005
rsu,15,tx,-1,0,52553,336,178,22.609
node,33,tx,-1,7,52774,336,178,22.6898
rsu,10,tx,-1,0,52997,336,178,22.7148
node,729,tx,-1,7,53278,336,178,22.7189
node,99,tx,-1,10,57570,336,178,23.5221
rsu,15,tx,-1,0,57748,336,178,23.609
node,459,tx,-1,11,57962,336,178,23.6707
rsu,10,tx,-1,0,58145,336,178,23.7148
rsu,15,tx,-1,0,58419,336,178,24.609
rsu,10,tx,-1,0,58627,336,178,24.7148
node,345,tx,-1,12,59047,336,178,25.4573
node,477,tx,-1,5,59227,336,178,25.4789
rsu,10,rx,-1,0,59227,336,178,25.4791
rsu,15,tx,-1,0,59446,336,178,25.609
rsu,10,tx,-1,0,59653,336,178,25.7148
node,249,tx,-1,4,59913,336,178,25.7483
node,147,tx,-1,11,60125,336,178,26.0066
node,609,tx,-1,11,60307,336,178,26.3594
node,807,tx,-1,0,60484,336,178,26.5461
rsu,15,tx,-1,0,60665,336,178,26.609
rsu,10,tx,-1,0,60876,336,178,26.7148
node,51,tx,-1,8,61143,336,178,27.1688
rsu,15,tx,-1,0,61341,336,178,27.609
rsu,10,tx,-1,0,61557,336,178,27.7148
node,651,tx,-1,10,61826,336,178,27.7214
rsu,15,tx,-1,0,62017,336,178,28.609
rsu,10,tx,-1,0,62232,336,178,28.7148
node,501,tx,-1,11,62500,336,178,28.771
rsu,10,rx,-1,0,62500,336,178,28.7711
node,237,tx,-1,9,62723,336,178,29.3573
rsu,15,tx,-1,0,62908,336,178,29.609
rsu,10,tx,-1,0,63130,336,178,29.7148
node,555,tx,-1,12,63402,336,178,29.906
rsu,15,rx,-1,0,63402,336,178,29.9061
node,213,tx,-1,2,63616,336,178,30.2643
rsu,15,tx,-1,0,63845,336,178,30.609
rsu,10,tx,-1,0,64068,336,178,30.7148
rsu,15,tx,-1,0,64339,336,178,31.609
node,519,tx,-1,8,64560,336,178,31.6832
rsu,10,tx,-1,0,64728,336,178,31.7148
node,351,tx,-1,9,64996,336,178,31.9463
node,81,tx,-1,11,65205,336,178,32.3018
rsu,15,tx,-1,0,65395,336,178,32.609
node,75,tx,-1,12,65616,336,178,32.6745
rsu,10,tx,-1,0,65765,336,178,32.7148
node,753,tx,-1,12,66037,336,178,32.8556
node,321,tx,-1,1,66209,336,178,33.0942
rsu,15,tx,-1,0,66354,336,178,33.609
rsu,10,tx,-1,0,66575,336,178,33.7148
node,243,tx,-1,11,66843,336,178,33.7226
rsu,15,rx,-1,0,66843,336,178,33.7227
node,531,tx,-1,0,67063,336,178,33.9283
rsu,10,rx,-1,0,67063,336,178,33.9284
node,357,tx,-1,10,67232,336,178,34.1156
rsu,10,rx,-1,0,67232,336,178,34.1157
rsu,15,tx,-1,0,67460,336,178,34.609
rsu,10,tx,-1,0,67681,336,178,34.7148
rsu,15,tx,-1,0,67955,336,178,35.609
node,675,tx,-1,8,68176,336,178,35.6418
rsu,10,tx,-1,0,68382,336,178,35.7148
node,513,tx,-1,12,68655,336,178,36.2581
node,189,tx,-1,12,68838,336,178,36.5124
rsu,15,tx,-1,0,69011,336,178,36.609
rsu,10,tx,-1,0,69231,336,178,36.7148
node,39,tx,-1,12,69494,336,178,36.84
rsu,15,tx,-1,0,69663,336,178,37.609
rsu,10,tx,-1,0,69887,336,178,37.7148
node,327,tx,-1,11,70149,336,178,37.8892
node,657,tx,-1,10,70343,336,178,38.2342
rsu,15,tx,-1,0,70531,336,178,38.609
rsu,10,tx,-1,0,70757,336,178,38.7148
node,615,tx,-1,10,71022,336,178,38.9374
rsu,15,rx,-1,0,71022,336,178,38.9376
node,129,tx,-1,11,71204,336,178,39.2534
node,93,tx,-1,11,71384,336,178,39.2566
rsu,15,rx,-1,0,71384,336,178,39.2567
node,693,tx,-1,0,71557,336,178,39.3318
rsu,15,tx,-1,0,71722,336,178,39.609
rsu,10,tx,-1,0,71949,336,178,39.7148
node,741,tx,-1,12,72212,336,178,39.7269
rsu,15,rx,-1,0,72212,336,178,39.727
node,219,tx,-1,4,72420,336,178,40.0265
rsu,10,rx,-1,0,72420,336,178,40.0266
node,735,tx,-1,12,72650,336,178,40.5421
rsu,15,tx,-1,0,72835,336,178,40.609
rsu,10,tx,-1,0,73066,336,178,40.7148
node,309,tx,-1,8,73336,336,178,40.7381
node,165,tx,-1,12,73564,336,178,41.1706
rsu,15,tx,-1,0,73737,336,178,41.609
rsu,10,tx,-1,0,73975,336,178,41.7148
node,267,tx,-1,7,74254,336,178,41.7211
node,387,tx,-1,11,74431,336,178,42.2933
node,417,tx,-1,0,74618,336,178,42.3871
rsu,15,tx,-1,0,74826,336,178,42.609
rsu,10,tx,-1,0,75064,336,178,42.7148
node,777,tx,-1,11,75342,336,178,42.8413
node,21,tx,-1,12,75555,336,178,42.9052
rsu,15,tx,-1,0,75750,336,178,43.609
rsu,10,tx,-1,0,75995,336,178,43.7148
rsu,15,tx,-1,0,76270,336,178,44.609
node,333,tx,-1,10,76516,336,178,44.6962
rsu,10,tx,-1,0,76688,336,178,44.7148
node,363,tx,-1,11,76966,336,178,44.7733
node,717,tx,-1,1,77165,336,178,44.7996
rsu,10,rx,-1,0,77165,336,178,44.7997
node,645,tx,-1,11,77401,336,178,44.8129
node,465,tx,-1,0,77574,336,178,45.0711
node,687,tx,-1,3,77791,336,178,45.4384
node,825,tx,-1,12,77967,336,178,45.581
rsu,15,tx,-1,0,78150,336,178,45.609
rsu,10,tx,-1,0,78399,336,178,45.7148
node,471,tx,-1,6,78678,336,178,45.8349
node,285,tx,-1,2,78858,336,178,46.3216
node,543,tx,-1,5,79030,336,178,46.5692
rsu,15,tx,-1,0,79234,336,178,46.609
rsu,10,tx,-1,0,79475,336,178,46.7148
node,105,tx,-1,10,79749,336,178,47.0443
node,195,tx,-1,11,79931,336,178,47.0655
rsu,15,tx,-1,0,80082,336,178,47.609
rsu,10,tx,-1,0,80317,336,178,47.7148
node,27,tx,-1,10,80582,336,178,47.763
node,567,tx,-1,11,80729,336,178,48.52
rsu,15,tx,-1,0,80880,336,178,48.609
rsu,10,tx,-1,0,81116,336,178,48.7148
node,759,tx,-1,11,81382,336,178,48.7711
node,177,tx,-1,8,81557,336,178,49.421
node,411,tx,-1,6,81747,336,178,49.4529
node,705,tx,-1,0,81955,336,178,49.495
rsu,15,tx,-1,0,82129,336,178,49.609
rsu,10,tx,-1,0,82367,336,178,49.7148
rsu,15,tx,-1,0,82630,336,178,50.609
rsu,10,tx,-1,0,82860,336,178,50.7148
rsu,15,tx,-1,0,83129,336,178,51.609
rsu,10,tx,-1,0,83362,336,178,51.7148
node,159,tx,-1,11,83627,336,178,51.7266
node,699,tx,-1,11,83813,336,178,51.7716
rsu,10,rx,-1,0,83813,336,178,51.7717
node,789,tx,-1,11,84038,336,178,52.3987
rsu,15,tx,-1,0,84217,336,178,52.609
rsu,10,tx,-1,0,84451,336,178,52.7148
node,69,tx,-1,11,84705,336,178,52.953
rsu,10,rx,-1,0,84705,336,178,52.9531
node,747,tx,-1,11,84939,336,178,53.0781
node,591,tx,-1,9,85126,336,178,53.1656
node,681,tx,-1,11,85319,336,178,53.6069
node,261,tx,-1,11,85503,336,178,53.6076
rsu,15,tx,-1,0,85649,336,178,53.609
node,405,tx,-1,9,85879,336,178,53.6247
rsu,15,rx,-1,0,85879,336,178,53.6248
rsu,10,tx,-1,0,86093,336,178,53.7148
node,831,tx,-1,3,86333,336,178,53.7385
node,423,tx,-1,12,86502,336,178,54.0519
rsu,15,tx,-1,0,86699,336,178,54.609
rsu,10,tx,-1,0,86921,336,178,54.7148
node,153,tx,-1,0,87170,336,178,55.2746
rsu,15,tx,-1,0,87390,336,178,55.609
rsu,10,tx,-1,0,87610,336,178,55.7148
rsu,15,tx,-1,0,87852,336,178,56.609
rsu,10,tx,-1,0,88070,336,178,56.7148
node,207,tx,-1,11,88312,336,178,56.7621
node,339,tx,-1,11,88496,336,178,56.8849
rsu,15,rx,-1,0,88496,336,178,56.885
node,669,tx,-1,9,88664,336,178,57.0126
rsu,10,rx,-1,0,88664,336,178,57.0127
node,711,tx,-1,1,88852,336,178,57.4289
rsu,15,tx,-1,0,89028,336,178,57.609
node,57,tx,-1,0,89244,336,178,57.7002
rsu,10,tx,-1,0,89449,336,178,57.7148
node,453,tx,-1,12,89692,336,178,57.7497
rsu,10,rx,-1,0,89692,336,178,57.7498
node,141,tx,-1,4,89911,336,178,57.8244
node,483,tx,-1,9,90078,336,178,57.8462
rsu,15,rx,-1,0,90078,336,178,57.8463
node,603,tx,-1,12,90320,336,178,58.1001
rsu,10,rx,-1,0,90320,336,178,58.1002
rsu,15,tx,-1,0,90552,336,178,58.609
rsu,10,tx,-1,0,90766,336,178,58.7148
rsu,15,tx,-1,0,91008,336,178,59.609
rsu,10,tx,-1,0,91225,336,178,59.7148
node,303,tx,-1,4,91462,336,178,59.8726
rsu,15,tx,-1,0,91634,336,178,60.609
rsu,10,tx,-1,0,91839,336,178,60.7148
node,393,tx,-1,9,92078,336,178,60.8442
node,273,tx,-1,4,92268,336,178,61.2353
rsu,10,rx,-1,0,92268,336,178,61.2354
rsu,15,tx,-1,0,92466,336,178,61.609
rsu,10,tx,-1,0,92672,336,178,61.7148
node,429,tx,-1,11,92908,336,178,61.989
rsu,15,tx,-1,0,93121,336,178,62.609
node,819,tx,-1,9,93328,336,178,62.6555
rsu,10,tx,-1,0,93493,336,178,62.7148
node,315,tx,-1,0,93729,336,178,63.0327
rsu,15,rx,-1,0,93729,336,178,63.0328
node,585,tx,-1,4,93972,336,178,63.5739
rsu,15,tx,-1,0,94191,336,178,63.609
rsu,10,tx,-1,0,94407,336,178,63.7148
node,723,tx,-1,10,94648,336,178,63.9595
rsu,15,tx,-1,0,94843,336,178,64.609
rsu,10,tx,-1,0,95055,336,178,64.7148
node,579,tx,-1,11,95302,336,178,64.754
node,183,tx,-1,11,95505,336,178,64.9041
node,663,tx,-1,9,95699,336,178,65.1001
rsu,15,rx,-1,0,95699,336,178,65.1002
node,369,tx,-1,8,95866,336,178,65.4191
node,63,tx,-1,3,96077,336,178,65.4969
rsu,10,rx,-1,0,96077,336,178,65.497
node,135,tx,-1,5,96276,336,178,65.5424
rsu,15,tx,-1,0,96465,336,178,65.609
rsu,10,tx,-1,0,96681,336,178,65.7148
rsu,15,tx,-1,0,96929,336,178,66.609
rsu,10,tx,-1,0,97147,336,178,66.7148
node,549,tx,-1,10,97391,336,178,67.033
node,201,tx,-1,5,97555,336,178,67.5891
rsu,15,tx,-1,0,97717,336,178,67.609
rsu,10,tx,-1,0,97937,336,178,67.7148
node,573,tx,-1,11,98183,336,178,68.3674
node,279,tx,-1,1,98387,336,178,68.4409
rsu,15,tx,-1,0,98537,336,178,68.609
rsu,10,tx,-1,0,98767,336,178,68.7148
node,597,tx,-1,5,99024,336,178,68.9705
rsu,15,rx,-1,0,99024,336,178,68.9706
node,813,tx,-1,10,99231,336,178,69.3422
rsu,15,tx,-1,0,99417,336,178,69.609
rsu,10,tx,-1,0,99646,336,178,69.7148
node,225,tx,-1,12,99905,336,178,69.9236
node,837,tx,-1,7,100077,336,178,70.0263
rsu,15,rx,-1,0,100077,336,178,70.0265
rsu,15,tx,-1,0,100278,336,178,70.609
rsu,10,tx,-1,0,100520,336,178,70.7148
node,291,tx,-1,10,100780,336,178,71.4268
rsu,15,tx,-1,0,100964,336,178,71.609
node,231,tx,-1,4,101197,336,178,71.6445
rsu,10,tx,-1,0,101372,336,178,71.7148
node,561,tx,-1,11,101630,336,178,71.791
node,783,tx,-1,0,101806,336,178,72.3223
node,255,tx,-1,12,102027,336,178,72.5943
rsu,15,tx,-1,0,102172,336,178,72.609
rsu,10,tx,-1,0,102400,336,178,72.7148
node,537,tx,-1,11,102658,336,178,73.2587
rsu,15,tx,-1,0,102817,336,178,73.609
rsu,10,tx,-1,0,103041,336,178,73.7148
node,765,tx,-1,4,103294,336,178,73.8228
rsu,15,tx,-1,0,103492,336,178,74.609
node,381,tx,-1,11,103725,336,178,74.6189
rsu,10,tx,-1,0,103882,336,178,74.7148
node,87,tx,-1,0,104133,336,178,74.7258
rsu,10,rx,-1,0,104133,336,178,74.7259
rsu,15,tx,-1,0,104313,336,178,75.609
rsu,10,tx,-1,0,104544,336,178,75.7148
node,171,tx,-1,10,104797,336,178,75.7272
node,771,tx,-1,3,104991,336,178,75.902
rsu,10,rx,-1,0,104991,336,178,75.9021
node,117,tx,-1,12,105249,336,178,76.2208
rsu,15,tx,-1,0,105425,336,178,76.609
node,795,tx,-1,0,105658,336,178,76.675
node,525,tx,-1,0,105869,336,178,76.7105
rsu,10,tx,-1,0,106019,336,178,76.7148
node,447,tx,-1,0,106271,336,178,76.9478
rsu,10,rx,-1,0,106271,336,178,76.9479
node,45,tx,-1,10,106458,336,178,76.9884
rsu,15,tx,-1,0,106660,336,178,77.609
rsu,10,tx,-1,0,106902,336,178,77.7148
node,375,tx,-1,12,107161,336,178,77.7539
node,495,tx,-1,12,107331,336,178,78.1147
rsu,15,tx,-1,0,107483,336,178,78.609
node,621,tx,-1,10,107723,336,178,78.6666
rsu,10,tx,-1,0,107901,336,178,78.7148
node,633,tx,-1,10,108159,336,178,79.4443
rsu,15,tx,-1,0,108315,336,178,79.609
rsu,10,tx,-1,0,108551,336,178,79.7148
node,441,tx,-1,11,108799,336,178,79.7323
rsu,15,rx,-1,0,108799,336,178,79.7324
rsu,15,tx,-1,0,108969,336,178,80.609
node,399,tx,-1,5,109201,336,178,80.6993
rsu,10,rx,-1,0,109201,336,178,80.6994
rsu,10,tx,-1,0,109446,336,178,80.7148
node,435,tx,-1,0,109690,336,178,80.9497
rsu,15,rx,-1,0,109690,336,178,80.9498
node,627,tx,-1,6,109907,336,178,81.2308
rsu,15,tx,-1,0,110088,336,178,81.609
rsu,10,tx,-1,0,110318,336,178,81.7148
node,111,tx,-1,0,110565,336,178,82.1004
rsu,15,tx,-1,0,110750,336,178,82.609
node,33,tx,-1,10,110976,336,178,82.6898
rsu,10,tx,-1,0,111177,336,178,82.7148
node,729,tx,-1,10,111424,336,178,82.7189
rsu,10,rx,-1,0,111424,336,178,82.719
node,99,tx,-1,8,111616,336,178,83.5221
rsu,15,tx,-1,0,111796,336,178,83.609
node,459,tx,-1,6,112026,336,178,83.6707
rsu,15,rx,-1,0,112026,336,178,83.6708
rsu,10,tx,-1,0,112236,336,178,83.7148
rsu,15,tx,-1,0,112490,336,178,84.609
rsu,10,tx,-1,0,112719,336,178,84.7148
node,345,tx,-1,11,112969,336,178,85.4573
rsu,10,rx,-1,0,112969,336,178,85.4574
node,477,tx,-1,8,113188,336,178,85.4789
rsu,15,tx,-1,0,113396,336,178,85.609
rsu,10,tx,-1,0,113614,336,178,85.7148
node,249,tx,-1,11,113860,336,178,85.7483
rsu,15,rx,-1,0,113860,336,178,85.7485
node,147,tx,-1,10,114076,336,178,86.0066
node,609,tx,-1,0,114249,336,178,86.3594
node,807,tx,-1,0,114423,336,178,86.5461
rsu,15,tx,-1,0,114584,336,178,86.609
rsu,10,tx,-1,0,114801,336,178,86.7148
node,51,tx,-1,1,115051,336,178,87.1688
rsu,15,tx,-1,0,115208,336,178,87.609
rsu,10,tx,-1,0,115424,336,178,87.7148
node,651,tx,-1,6,115674,336,178,87.7214
rsu,15,tx,-1,0,115839,336,178,88.609
rsu,10,tx,-1,0,116049,336,178,88.7148
node,501,tx,-1,12,116298,336,178,88.771
node,237,tx,-1,0,116455,336,178,89.3573
rsu,15,tx,-1,0,116630,336,178,89.609
rsu,10,tx,-1,0,116844,336,178,89.7148
node,555,tx,-1,7,117087,336,178,89.906
node,213,tx,-1,11,117281,336,178,90.2643
rsu,15,tx,-1,0,117427,336,178,90.609
rsu,10,tx,-1,0,117639,336,178,90.7148
rsu,15,tx,-1,0,117897,336,178,91.609
node,519,tx,-1,12,118109,336,178,91.6832
rsu,10,rx,-1,0,118109,336,178,91.6833
rsu,10,tx,-1,0,118305,336,178,91.7148
node,351,tx,-1,2,118563,336,178,91.9463
node,81,tx,-1,10,118753,336,178,92.3018
rsu,15,tx,-1,0,118901,336,178,92.609
node,75,tx,-1,3,119111,336,178,92.6745
rsu,10,tx,-1,0,119271,336,178,92.7148
node,753,tx,-1,10,119519,336,178,92.8556
node,321,tx,-1,3,119707,336,178,93.0942
rsu,15,rx,-1,0,119707,336,178,93.0943
rsu,15,tx,-1,0,119874,336,178,93.609
rsu,10,tx,-1,0,120086,336,178,93.7148
node,243,tx,-1,12,120340,336,178,93.7226
node,531,tx,-1,6,120530,336,178,93.9283
node,357,tx,-1,8,120665,336,178,94.1156
rsu,15,tx,-1,0,120840,336,178,94.609
rsu,10,tx,-1,0,121054,336,178,94.7148
rsu,15,tx,-1,0,121307,336,178,95.609
node,675,tx,-1,10,121526,336,178,95.6418
rsu,10,tx,-1,0,121678,336,178,95.7148
node,513,tx,-1,3,121940,336,178,96.2581
rsu,15,rx,-1,0,121940,336,178,96.2582
node,189,tx,-1,9,122205,336,178,96.5124
rsu,10,rx,-1,0,122205,336,178,96.5125
rsu,15,tx,-1,0,122432,336,178,96.609
rsu,10,tx,-1,0,122649,336,178,96.7148
rsu,15,tx,-1,0,122908,336,178,97.609
rsu,10,tx,-1,0,123129,336,178,97.7148
node,327,tx,-1,0,123387,336,178,97.8892
node,657,tx,-1,8,123535,336,178,98.2342
rsu,15,rx,-1,0,123535,336,178,98.2343
rsu,15,tx,-1,0,123731,336,178,98.609
rsu,10,tx,-1,0,123943,336,178,98.7148
node,129,tx,-1,12,124193,336,178,99.2534
node,93,tx,-1,11,124345,336,178,99.2566
node,693,tx,-1,11,124528,336,178,99.3318
rsu,10,rx,-1,0,124528,336,178,99.3319
rsu,15,tx,-1,0,124741,336,178,99.609
rsu,10,tx,-1,0,124950,336,178,99.7148
