rsu,10,tx,-1,0,30,336,178,0.533739
rsu,15,tx,-1,0,42,336,178,0.723602
node,375,tx,-1,0,1830,336,178,1.02533
node,333,tx,-1,0,2036,336,178,1.4802
rsu,10,tx,-1,0,2196,336,178,1.53374
rsu,15,tx,-1,0,2493,336,178,1.7236
node,399,tx,-1,0,2755,336,178,1.80121
rsu,10,tx,-1,0,2911,336,178,2.53374
rsu,15,tx,-1,0,3205,336,178,2.7236
rsu,10,tx,-1,0,3499,336,178,3.53374
rsu,15,tx,-1,0,3799,336,178,3.7236
node,147,tx,-1,1,4066,336,178,3.89313
rsu,10,tx,-1,0,4261,336,178,4.53374
node,177,tx,-1,2,4560,336,178,4.66809
rsu,15,tx,-1,0,4758,336,178,4.7236
node,801,tx,-1,0,5063,336,178,5.0014
rsu,10,tx,-1,0,5229,336,178,5.53374
rsu,15,tx,-1,0,5528,336,178,5.7236
node,657,tx,-1,0,5791,336,178,5.87051
rsu,15,rx,-1,0,5791,336,178,5.87062
node,285,tx,-1,0,6052,336,178,5.94123
node,21,tx,-1,8,6220,336,178,5.95146
node,585,tx,-1,5,6391,336,178,6.06627
node,501,tx,-1,8,6548,336,178,6.10571
rsu,10,rx,-1,0,6548,336,178,6.10583
rsu,10,tx,-1,0,6798,336,178,6.53374
rsu,15,tx,-1,0,7102,336,178,6.7236
node,723,tx,-1,6,7359,336,178,6.79897
node,573,tx,-1,7,7537,336,178,6.84114
node,507,tx,-1,6,7716,336,178,6.95228
node,429,tx,-1,8,7913,336,178,6.9935
rsu,15,rx,-1,0,7913,336,178,6.99361
node,765,tx,-1,7,8129,336,178,7.09667
node,453,tx,-1,3,8340,336,178,7.35371
rsu,10,tx,-1,0,8506,336,178,7.53374
rsu,15,tx,-1,0,8812,336,178,7.7236
node,411,tx,-1,8,9058,336,178,7.97234
rsu,15,rx,-1,0,9058,336,178,7.97246
rsu,10,tx,-1,0,9328,336,178,8.53374
rsu,15,tx,-1,0,9629,336,178,8.7236
node,255,tx,-1,8,9870,336,178,8.91368
rsu,10,rx,-1,0,9870,336,178,8.91379
rsu,10,tx,-1,0,10128,336,178,9.53374
node,645,tx,-1,7,10418,336,178,9.66579
rsu,15,rx,-1,0,10418,336,178,9.66591
rsu,15,tx,-1,0,10639,336,178,9.7236
node,123,tx,-1,10,10888,336,178,10.1393
node,309,tx,-1,12,11060,336,178,10.2659
node,651,tx,-1,11,11210,336,178,10.3007
rsu,10,tx,-1,0,11372,336,178,10.5337
node,705,tx,-1,1,11658,336,178,10.6541
rsu,15,tx,-1,0,11826,336,178,10.7236
node,405,tx,-1,12,12062,336,178,11.2247
rsu,15,rx,-1,0,12062,336,178,11.2248
node,819,tx,-1,5,12288,336,178,11.2281
node,579,tx,-1,10,12456,336,178,11.4843
rsu,10,tx,-1,0,12672,336,178,11.5337
node,105,tx,-1,12,12955,336,178,11.6539
rsu,15,tx,-1,0,13101,336,178,11.7236
node,519,tx,-1,9,13336,336,178,11.821
node,597,tx,-1,8,13514,336,178,12.1687
node,711,tx,-1,1,13708,336,178,12.1702
rsu,10,tx,-1,0,13889,336,178,12.5337
node,267,tx,-1,10,14176,336,178,12.6805
rsu,15,tx,-1,0,14373,336,178,12.7236
node,447,tx,-1,10,14608,336,178,12.9326
rsu,10,rx,-1,0,14608,336,178,12.9327
node,279,tx,-1,1,14827,336,178,13.1293
node,183,tx,-1,12,14989,336,178,13.51
rsu,10,tx,-1,0,15169,336,178,13.5337
rsu,15,tx,-1,0,15459,336,178,13.7236
rsu,10,tx,-1,0,15694,336,178,14.5337
rsu,15,tx,-1,0,15982,336,178,14.7236
node,357,tx,-1,11,16470,336,178,15.5068
rsu,10,tx,-1,0,16624,336,178,15.5337
rsu,15,tx,-1,0,16919,336,178,15.7236
node,717,tx,-1,10,17163,336,178,15.9618
rsu,10,rx,-1,0,17163,336,178,15.9619
node,303,tx,-1,11,17392,336,178,16.2285
rsu,10,rx,-1,0,17392,336,178,16.2286
rsu,10,tx,-1,0,17603,336,178,16.5337
rsu,15,tx,-1,0,17891,336,178,16.7236
node,273,tx,-1,3,18125,336,178,16.7793
node,831,tx,-1,0,18281,336,178,16.8214
node,153,tx,-1,10,18466,336,178,16.8452
node,231,tx,-1,10,21815,336,178,17.1684
node,633,tx,-1,11,22656,336,178,17.1914
rsu,10,tx,-1,0,23059,336,178,17.5337
rsu,15,tx,-1,0,23341,336,178,17.7236
node,27,tx,-1,12,23580,336,178,18.0297
node,297,tx,-1,7,23726,336,178,18.116
node,315,tx,-1,10,23906,336,178,18.4073
rsu,10,tx,-1,0,24086,336,178,18.5337
node,483,tx,-1,8,24355,336,178,18.7113
rsu,15,tx,-1,0,24551,336,178,18.7236
node,459,tx,-1,11,24778,336,178,18.9939
rsu,10,tx,-1,0,35320,336,178,19.5337
node,825,tx,-1,4,35593,336,178,19.7091
rsu,15,tx,-1,0,35769,336,178,19.7236
node,753,tx,-1,9,35996,336,178,19.944
node,243,tx,-1,9,36194,336,178,20.1167
rsu,15,rx,-1,0,36194,336,178,20.1168
node,735,tx,-1,6,36421,336,178,20.1366
rsu,10,tx,-1,0,36616,336,178,20.5337
rsu,15,tx,-1,0,36892,336,178,20.7236
node,339,tx,-1,0,37116,336,178,20.9355
node,81,tx,-1,11,37732,336,178,21.0789
rsu,10,tx,-1,0,49407,336,178,21.5337
rsu,15,tx,-1,0,49680,336,178,21.7236
node,663,tx,-1,4,49899,336,178,21.8497
rsu,15,rx,-1,0,49899,336,178,21.8498
node,621,tx,-1,12,50116,336,178,21.93
rsu,10,tx,-1,0,50332,336,178,22.5337
rsu,15,tx,-1,0,50607,336,178,22.7236
node,117,tx,-1,10,56551,336,178,23.4234
rsu,10,rx,-1,0,56551,336,178,23.4235
node,189,tx,-1,11,56926,336,178,23.4395
rsu,10,tx,-1,0,57425,336,178,23.5337
rsu,15,tx,-1,0,57698,336,178,23.7236
node,693,tx,-1,0,57913,336,178,24.2742
node,423,tx,-1,4,58079,336,178,24.4186
rsu,10,rx,-1,0,58079,336,178,24.4187
rsu,10,tx,-1,0,58303,336,178,24.5337
rsu,15,tx,-1,0,58573,336,178,24.7236
node,609,tx,-1,12,58784,336,178,24.9313
node,225,tx,-1,11,59318,336,178,25.3575
rsu,10,tx,-1,0,59500,336,178,25.5337
rsu,15,tx,-1,0,60088,336,178,25.7236
node,603,tx,-1,8,60297,336,178,25.9247
rsu,10,rx,-1,0,60297,336,178,25.9248
node,699,tx,-1,10,60526,336,178,26.2837
rsu,10,rx,-1,0,60526,336,178,26.2838
node,495,tx,-1,11,60747,336,178,26.4433
rsu,10,tx,-1,0,60912,336,178,26.5337
rsu,15,tx,-1,0,61182,336,178,26.7236
rsu,10,tx,-1,0,61599,336,178,27.5337
node,135,tx,-1,12,61868,336,178,27.592
rsu,15,tx,-1,0,62340,336,178,27.7236
node,837,tx,-1,9,62549,336,178,28.3585
rsu,15,rx,-1,0,62549,336,178,28.3586
rsu,10,tx,-1,0,62763,336,178,28.5337
rsu,15,tx,-1,0,63037,336,178,28.7236
node,549,tx,-1,12,63252,336,178,28.8255
node,741,tx,-1,11,63430,336,178,28.8762
rsu,10,rx,-1,0,63430,336,178,28.8763
node,627,tx,-1,12,63664,336,178,29.386
rsu,10,tx,-1,0,63890,336,178,29.5337
rsu,15,tx,-1,0,64169,336,178,29.7236
node,33,tx,-1,12,64384,336,178,29.8918
rsu,10,tx,-1,0,64579,336,178,30.5337
rsu,15,tx,-1,0,64850,336,178,30.7236
node,141,tx,-1,7,65067,336,178,31.0418
node,795,tx,-1,11,65233,336,178,31.091
rsu,10,tx,-1,0,65435,336,178,31.5337
rsu,15,tx,-1,0,65712,336,178,31.7236
node,759,tx,-1,11,65934,336,178,31.8814
node,435,tx,-1,10,66126,336,178,32.0614
node,39,tx,-1,7,66351,336,178,32.2736
node,477,tx,-1,7,66554,336,178,32.2783
rsu,10,rx,-1,0,66554,336,178,32.2784
rsu,10,tx,-1,0,66813,336,178,32.5337
rsu,15,tx,-1,0,67091,336,178,32.7236
node,789,tx,-1,12,67310,336,178,32.8244
rsu,10,tx,-1,0,67500,336,178,33.5337
rsu,15,tx,-1,0,67771,336,178,33.7236
node,543,tx,-1,9,67989,336,178,33.7361
node,777,tx,-1,6,68178,336,178,34.0141
rsu,10,rx,-1,0,68178,336,178,34.0142
rsu,10,tx,-1,0,68422,336,178,34.5337
rsu,15,tx,-1,0,68695,336,178,34.7236
node,615,tx,-1,11,68913,336,178,35.157
rsu,15,rx,-1,0,68913,336,178,35.1571
rsu,10,tx,-1,0,69094,336,178,35.5337
rsu,15,tx,-1,0,69364,336,178,35.7236
node,165,tx,-1,10,69582,336,178,35.8461
rsu,10,tx,-1,0,69825,336,178,36.5337
node,363,tx,-1,8,70090,336,178,36.5716
rsu,15,tx,-1,0,70272,336,178,36.7236
node,249,tx,-1,12,70489,336,178,36.7445
node,747,tx,-1,5,70709,336,178,36.9884
node,219,tx,-1,11,70923,336,178,37.1996
rsu,10,rx,-1,0,70923,336,178,37.1997
node,171,tx,-1,11,71129,336,178,37.3467
node,99,tx,-1,12,71301,336,178,37.4955
node,681,tx,-1,10,71511,336,178,37.5208
rsu,10,tx,-1,0,71668,336,178,37.5337
rsu,15,tx,-1,0,71932,336,178,37.7236
node,213,tx,-1,0,72153,336,178,38.1654
node,591,tx,-1,12,72395,336,178,38.4689
rsu,10,rx,-1,0,72395,336,178,38.469
rsu,10,tx,-1,0,72619,336,178,38.5337
rsu,15,tx,-1,0,72886,336,178,38.7236
node,69,tx,-1,11,73113,336,178,38.7619
rsu,10,rx,-1,0,73113,336,178,38.762
node,465,tx,-1,11,73310,336,178,38.791
node,129,tx,-1,11,73490,336,178,39.172
node,159,tx,-1,12,73682,336,178,39.5007
rsu,10,tx,-1,0,73877,336,178,39.5337
node,369,tx,-1,9,74145,336,178,39.624
node,207,tx,-1,10,74333,336,178,39.6465
rsu,15,rx,-1,0,74333,336,178,39.6466
rsu,15,tx,-1,0,74533,336,178,39.7236
node,561,tx,-1,12,74765,336,178,39.7291
rsu,10,tx,-1,0,74914,336,178,40.5337
node,321,tx,-1,0,75181,336,178,40.5686
rsu,15,tx,-1,0,75326,336,178,40.7236
node,195,tx,-1,8,75562,336,178,40.9154
node,513,tx,-1,12,75733,336,178,41.1162
node,489,tx,-1,10,75909,336,178,41.2554
node,63,tx,-1,0,76121,336,178,41.2872
rsu,10,tx,-1,0,76292,336,178,41.5337
node,675,tx,-1,11,76563,336,178,41.5926
node,567,tx,-1,12,76751,336,178,41.7058
rsu,15,tx,-1,0,76904,336,178,41.7236
node,393,tx,-1,8,77137,336,178,41.8224
node,45,tx,-1,4,77305,336,178,42.0595
node,531,tx,-1,0,77492,336,178,42.1865
rsu,10,rx,-1,0,77492,336,178,42.1866
rsu,10,tx,-1,0,77663,336,178,42.5337
rsu,15,tx,-1,0,77934,336,178,42.7236
node,687,tx,-1,12,78172,336,178,42.9643
node,75,tx,-1,12,78342,336,178,43.1573
rsu,10,tx,-1,0,78508,336,178,43.5337
node,669,tx,-1,0,78778,336,178,43.6489
rsu,10,rx,-1,0,78778,336,178,43.649
rsu,15,tx,-1,0,78950,336,178,43.7236
rsu,10,tx,-1,0,79188,336,178,44.5337
rsu,15,tx,-1,0,79463,336,178,44.7236
node,639,tx,-1,11,79702,336,178,44.7655
node,111,tx,-1,0,79883,336,178,45.2538
rsu,10,tx,-1,0,80130,336,178,45.5337
rsu,15,tx,-1,0,80401,336,178,45.7236
rsu,10,tx,-1,0,80641,336,178,46.5337
rsu,15,tx,-1,0,80913,336,178,46.7236
node,51,tx,-1,8,81156,336,178,46.8736
rsu,15,rx,-1,0,81156,336,178,46.8737
rsu,10,tx,-1,0,81390,336,178,47.5337
node,525,tx,-1,2,81660,336,178,47.5342
node,555,tx,-1,8,81822,336,178,47.5509
node,291,tx,-1,10,82002,336,178,47.7084
rsu,10,rx,-1,0,82002,336,178,47.7085
rsu,15,tx,-1,0,82269,336,178,47.7236
rsu,10,tx,-1,0,82515,336,178,48.5337
rsu,15,tx,-1,0,82783,336,178,48.7236
node,327,tx,-1,11,83027,336,178,49.0281
rsu,10,tx,-1,0,83210,336,178,49.5337
rsu,15,tx,-1,0,83482,336,178,49.7236
node,93,tx,-1,11,83729,336,178,50.5006
rsu,10,tx,-1,0,83922,336,178,50.5337
rsu,15,tx,-1,0,84185,336,178,50.7236
node,729,tx,-1,0,84417,336,178,50.7949
rsu,10,tx,-1,0,84587,336,178,51.5337
rsu,15,tx,-1,0,84845,336,178,51.7236
node,351,tx,-1,12,85078,336,178,52.1424
node,537,tx,-1,4,85260,336,178,52.4456
rsu,10,rx,-1,0,85260,336,178,52.4457
rsu,10,tx,-1,0,85499,336,178,52.5337
rsu,15,tx,-1,0,85758,336,178,52.7236
node,201,tx,-1,0,85985,336,178,52.7479
node,783,tx,-1,4,86156,336,178,53.4011
node,261,tx,-1,10,86368,336,178,53.4228
rsu,10,tx,-1,0,86512,336,178,53.5337
rsu,15,tx,-1,0,86774,336,178,53.7236
rsu,10,tx,-1,0,87005,336,178,54.5337
rsu,15,tx,-1,0,87251,336,178,54.7236
node,417,tx,-1,0,87476,336,178,54.8338
node,237,tx,-1,12,87667,336,178,55.0062
node,471,tx,-1,11,87878,336,178,55.1702
rsu,10,tx,-1,0,88065,336,178,55.5337
rsu,15,tx,-1,0,88311,336,178,55.7236
node,381,tx,-1,12,88540,336,178,55.8754
rsu,10,tx,-1,0,88698,336,178,56.5337
rsu,15,tx,-1,0,88948,336,178,56.7236
rsu,10,tx,-1,0,89178,336,178,57.5337
node,57,tx,-1,0,89428,336,178,57.5907
rsu,15,tx,-1,0,89620,336,178,57.7236
node,441,tx,-1,12,89847,336,178,57.9629
node,813,tx,-1,0,89998,336,178,58.2574
rsu,10,tx,-1,0,90242,336,178,58.5337
rsu,15,tx,-1,0,90490,336,178,58.7236
node,771,tx,-1,11,90712,336,178,58.8523
node,345,tx,-1,10,90918,336,178,59.1171
rsu,10,rx,-1,0,90918,336,178,59.1172
rsu,10,tx,-1,0,91122,336,178,59.5337
rsu,15,tx,-1,0,91372,336,178,59.7236
node,87,tx,-1,0,91599,336,178,60.1937
rsu,10,rx,-1,0,91599,336,178,60.1938
node,387,tx,-1,9,91785,336,178,60.3177
rsu,10,tx,-1,0,91972,336,178,60.5337
rsu,15,tx,-1,0,92217,336,178,60.7236
node,375,tx,-1,11,92430,336,178,61.0253
node,333,tx,-1,1,92644,336,178,61.4802
rsu,10,tx,-1,0,92841,336,178,61.5337
rsu,15,tx,-1,0,93085,336,178,61.7236
node,399,tx,-1,10,93302,336,178,61.8012
rsu,10,tx,-1,0,93501,336,178,62.5337
rsu,15,tx,-1,0,93741,336,178,62.7236
rsu,10,tx,-1,0,93954,336,178,63.5337
rsu,15,tx,-1,0,94194,336,178,63.7236
node,147,tx,-1,11,94402,336,178,63.8931
rsu,10,tx,-1,0,94600,336,178,64.5337
node,177,tx,-1,10,94840,336,178,64.6681
rsu,15,tx,-1,0,95042,336,178,64.7236
node,801,tx,-1,2,95246,336,178,65.0014
rsu,10,tx,-1,0,95454,336,178,65.5337
rsu,15,tx,-1,0,95698,336,178,65.7236
node,657,tx,-1,12,95898,336,178,65.8705
node,285,tx,-1,1,96088,336,178,65.9412
node,21,tx,-1,12,96251,336,178,65.9515
node,585,tx,-1,6,96437,336,178,66.0663
node,501,tx,-1,0,96649,336,178,66.1057
rsu,10,rx,-1,0,96649,336,178,66.1058
rsu,10,tx,-1,0,96855,336,178,66.5337
rsu,15,tx,-1,0,97102,336,178,66.7236
node,723,tx,-1,12,97313,336,178,66.799
node,573,tx,-1,11,97511,336,178,66.8411
node,507,tx,-1,3,97710,336,178,66.9523
rsu,15,rx,-1,0,97710,336,178,66.9524
node,429,tx,-1,10,97956,336,178,66.9935
node,765,tx,-1,10,98127,336,178,67.0967
node,453,tx,-1,0,98313,336,178,67.3537
rsu,15,rx,-1,0,98313,336,178,67.3538
rsu,10,tx,-1,0,98536,336,178,67.5337
rsu,15,tx,-1,0,98790,336,178,67.7236
node,411,tx,-1,8,99002,336,178,67.9723
rsu,10,tx,-1,0,99161,336,178,68.5337
rsu,15,tx,-1,0,99421,336,178,68.7236
node,255,tx,-1,10,99641,336,178,68.9137
rsu,10,tx,-1,0,99835,336,178,69.5337
node,645,tx,-1,6,100094,336,178,69.6658
rsu,15,tx,-1,0,100296,336,178,69.7236
node,309,tx,-1,0,100514,336,178,70.2659
node,651,tx,-1,10,100742,336,178,70.3007
rsu,10,tx,-1,0,100902,336,178,70.5337
node,705,tx,-1,0,101150,336,178,70.6541
rsu,15,tx,-1,0,101302,336,178,70.7236
node,405,tx,-1,11,101512,336,178,71.2247
node,819,tx,-1,12,101686,336,178,71.2281
node,579,tx,-1,11,101866,336,178,71.4843
rsu,10,tx,-1,0,102052,336,178,71.5337
node,105,tx,-1,12,102299,336,178,71.6539
rsu,15,tx,-1,0,102506,336,178,71.7236
node,519,tx,-1,5,102714,336,178,71.821
node,597,tx,-1,7,102879,336,178,72.1687
rsu,15,rx,-1,0,102879,336,178,72.1688
node,711,tx,-1,1,103071,336,178,72.1702
rsu,10,tx,-1,0,103225,336,178,72.5337
node,267,tx,-1,11,103467,336,178,72.6805
rsu,15,tx,-1,0,103643,336,178,72.7236
node,447,tx,-1,0,103847,336,178,72.9326
rsu,10,rx,-1,0,103847,336,178,72.9327
node,279,tx,-1,6,104021,336,178,73.1293
node,183,tx,-1,11,104211,336,178,73.51
rsu,10,tx,-1,0,104450,336,178,73.5337
rsu,15,tx,-1,0,104687,336,178,73.7236
rsu,10,tx,-1,0,104898,336,178,74.5337
rsu,15,tx,-1,0,105145,336,178,74.7236
node,357,tx,-1,12,105367,336,178,75.5068
rsu,10,tx,-1,0,105538,336,178,75.5337
rsu,15,tx,-1,0,105786,336,178,75.7236
node,717,tx,-1,0,106004,336,178,75.9618
rsu,10,rx,-1,0,106004,336,178,75.9619
node,303,tx,-1,2,106207,336,178,76.2285
rsu,10,tx,-1,0,106368,336,178,76.5337
rsu,15,tx,-1,0,106620,336,178,76.7236
node,273,tx,-1,11,106838,336,178,76.7793
rsu,10,rx,-1,0,106838,336,178,76.7794
node,831,tx,-1,1,107041,336,178,76.8214
node,153,tx,-1,0,107195,336,178,76.8452
node,231,tx,-1,2,107400,336,178,77.1684
rsu,10,rx,-1,0,107400,336,178,77.1685
node,633,tx,-1,12,107594,336,178,77.1914
rsu,10,tx,-1,0,107746,336,178,77.5337
rsu,15,tx,-1,0,107997,336,178,77.7236
node,27,tx,-1,12,108215,336,178,78.0297
node,315,tx,-1,0,108357,336,178,78.4073
rsu,10,tx,-1,0,108570,336,178,78.5337
node,483,tx,-1,0,108821,336,178,78.7113
rsu,15,tx,-1,0,109055,336,178,78.7236
node,459,tx,-1,8,109278,336,178,78.9939
rsu,15,rx,-1,0,109278,336,178,78.994
rsu,10,tx,-1,0,109490,336,178,79.5337
node,825,tx,-1,11,109742,336,178,79.7091
rsu,10,rx,-1,0,109742,336,178,79.7092
rsu,15,tx,-1,0,109941,336,178,79.7236
node,753,tx,-1,11,110166,336,178,79.944
node,243,tx,-1,9,110334,336,178,80.1167
node,735,tx,-1,10,110487,336,178,80.1366
rsu,10,tx,-1,0,110649,336,178,80.5337
rsu,15,tx,-1,0,110902,336,178,80.7236
node,81,tx,-1,12,111128,336,178,81.0789
rsu,10,tx,-1,0,111294,336,178,81.5337
rsu,15,tx,-1,0,111534,336,178,81.7236
node,663,tx,-1,12,111759,336,178,81.8497
node,621,tx,-1,12,111960,336,178,81.93
rsu,10,tx,-1,0,112132,336,178,82.5337
rsu,15,tx,-1,0,112376,336,178,82.7236
node,117,tx,-1,12,112598,336,178,83.4234
node,189,tx,-1,11,112757,336,178,83.4395
rsu,10,tx,-1,0,112985,336,178,83.5337
rsu,15,tx,-1,0,113226,336,178,83.7236
node,693,tx,-1,12,113443,336,178,84.2742
rsu,10,rx,-1,0,113443,336,178,84.2743
rsu,10,tx,-1,0,113638,336,178,84.5337
rsu,15,tx,-1,0,113879,336,178,84.7236
node,609,tx,-1,0,114091,336,178,84.9313
node,225,tx,-1,0,114263,336,178,85.3575
rsu,10,tx,-1,0,114447,336,178,85.5337
rsu,15,tx,-1,0,114691,336,178,85.7236
node,603,tx,-1,0,114904,336,178,85.9247
rsu,10,rx,-1,0,114904,336,178,85.9248
node,699,tx,-1,12,115092,336,178,86.2837
node,495,tx,-1,11,115248,336,178,86.4433
rsu,10,tx,-1,0,115392,336,178,86.5337
rsu,15,tx,-1,0,115636,336,178,86.7236
rsu,10,tx,-1,0,115851,336,178,87.5337
node,135,tx,-1,12,116095,336,178,87.592
rsu,15,rx,-1,0,116095,336,178,87.5921
rsu,15,tx,-1,0,116271,336,178,87.7236
rsu,10,tx,-1,0,116485,336,178,88.5337
rsu,15,tx,-1,0,116736,336,178,88.7236
node,549,tx,-1,12,116951,336,178,88.8255
node,627,tx,-1,0,117111,336,178,89.386
rsu,10,tx,-1,0,117290,336,178,89.5337
rsu,15,tx,-1,0,117551,336,178,89.7236
node,33,tx,-1,10,117763,336,178,89.8918
rsu,10,tx,-1,0,117946,336,178,90.5337
rsu,15,tx,-1,0,118203,336,178,90.7236
node,141,tx,-1,11,118416,336,178,91.0418
rsu,10,rx,-1,0,118416,336,178,91.0419
node,795,tx,-1,11,118593,336,178,91.091
rsu,10,tx,-1,0,118760,336,178,91.5337
rsu,15,tx,-1,0,119010,336,178,91.7236
node,759,tx,-1,7,119221,336,178,91.8814
node,435,tx,-1,1,119382,336,178,92.0614
node,39,tx,-1,4,119585,336,178,92.2736
node,477,tx,-1,12,119781,336,178,92.2783
rsu,10,tx,-1,0,119972,336,178,92.5337
rsu,15,tx,-1,0,120226,336,178,92.7236
rsu,10,tx,-1,0,120436,336,178,93.5337
rsu,15,tx,-1,0,120689,336,178,93.7236
node,543,tx,-1,6,120899,336,178,93.7361
rsu,15,rx,-1,0,120899,336,178,93.7363
node,777,tx,-1,12,121148,336,178,94.0141
rsu,10,tx,-1,0,121308,336,178,94.5337
rsu,15,tx,-1,0,121566,336,178,94.7236
node,615,tx,-1,7,121780,336,178,95.157
rsu,15,rx,-1,0,121780,336,178,95.1571
rsu,10,tx,-1,0,121983,336,178,95.5337
rsu,15,tx,-1,0,122241,336,178,95.7236
node,165,tx,-1,6,122460,336,178,95.8461
rsu,10,tx,-1,0,122646,336,178,96.5337
node,363,tx,-1,8,122907,336,178,96.5716
rsu,15,tx,-1,0,123070,336,178,96.7236
node,249,tx,-1,11,123291,336,178,96.7445
rsu,15,rx,-1,0,123291,336,178,96.7446
node,171,tx,-1,8,123504,336,178,97.3467
node,681,tx,-1,7,123696,336,178,97.5208
rsu,10,tx,-1,0,123890,336,178,97.5337
rsu,15,tx,-1,0,124147,336,178,97.7236
node,213,tx,-1,10,124367,336,178,98.1654
rsu,15,rx,-1,0,124367,336,178,98.1655
node,591,tx,-1,11,124582,336,178,98.4689
rsu,10,tx,-1,0,124763,336,178,98.5337
rsu,15,tx,-1,0,125017,336,178,98.7236
node,69,tx,-1,9,125239,336,178,98.7619
rsu,10,rx,-1,0,125239,336,178,98.762
node,465,tx,-1,5,125449,336,178,98.791
node,129,tx,-1,12,125631,336,178,99.172
node,159,tx,-1,12,125824,336,178,99.5007
rsu,10,tx,-1,0,126000,336,178,99.5337
node,369,tx,-1,10,126251,336,178,99.624
node,207,tx,-1,1,126429,336,178,99.6465
rsu,15,rx,-1,0,126429,336,178,99.6466
rsu,15,tx,-1,0,126701,336,178,99.7236
node,561,tx,-1,11,126927,336,178,99.7291
