rsu,10,tx,-1,0,30,336,178,0.435322
rsu,15,tx,-1,0,42,336,178,0.484749
rsu,10,tx,-1,0,1830,336,178,1.43532
rsu,15,tx,-1,0,2127,336,178,1.48475
node,465,tx,-1,0,2390,336,178,1.75604
rsu,10,rx,-1,0,2390,336,178,1.75616
node,201,tx,-1,0,2628,336,178,1.76653
rsu,10,rx,-1,0,2628,336,178,1.76665
node,393,tx,-1,0,2818,336,178,1.91105
node,225,tx,-1,2,3031,336,178,2.25393
rsu,15,rx,-1,0,3031,336,178,2.25404
node,423,tx,-1,1,3218,336,178,2.27288
rsu,10,tx,-1,0,3384,336,178,2.43532
rsu,15,tx,-1,0,3690,336,178,2.48475
node,525,tx,-1,1,3989,336,178,3.05798
rsu,10,tx,-1,0,4158,336,178,3.43532
rsu,15,tx,-1,0,4461,336,178,3.48475
node,369,tx,-1,3,4729,336,178,3.62688
node,663,tx,-1,2,4902,336,178,3.63363
rsu,15,rx,-1,0,4902,336,178,3.63374
node,321,tx,-1,0,5173,336,178,3.85864
rsu,10,tx,-1,0,5381,336,178,4.43532
rsu,15,tx,-1,0,5688,336,178,4.48475
node,57,tx,-1,5,5957,336,178,4.4858
node,21,tx,-1,2,6163,336,178,4.59852
node,537,tx,-1,4,6323,336,178,4.75656
rsu,10,rx,-1,0,6323,336,178,4.75667
node,657,tx,-1,0,6590,336,178,4.86535
rsu,15,rx,-1,0,6590,336,178,4.86546
node,429,tx,-1,5,6852,336,178,4.96275
rsu,15,rx,-1,0,6852,336,178,4.96286
node,249,tx,-1,6,7085,336,178,5.01863
node,339,tx,-1,3,7251,336,178,5.35631
rsu,10,tx,-1,0,7394,336,178,5.43532
rsu,15,tx,-1,0,7704,336,178,5.48475
node,801,tx,-1,2,7965,336,178,5.79622
node,579,tx,-1,6,8147,336,178,6.23328
node,615,tx,-1,4,8354,336,178,6.26934
rsu,10,tx,-1,0,8518,336,178,6.43532
rsu,15,tx,-1,0,8823,336,178,6.48475
node,777,tx,-1,5,9076,336,178,6.58602
rsu,15,rx,-1,0,9076,336,178,6.58613
node,303,tx,-1,5,9275,336,178,6.59881
rsu,10,rx,-1,0,9275,336,178,6.59892
node,723,tx,-1,8,9468,336,178,6.99689
node,477,tx,-1,9,9668,336,178,7.02527
node,543,tx,-1,7,9845,336,178,7.17381
node,411,tx,-1,6,10017,336,178,7.2115
rsu,15,rx,-1,0,10017,336,178,7.21161
node,309,tx,-1,7,10267,336,178,7.38302
rsu,10,tx,-1,0,10418,336,178,7.43532
rsu,15,tx,-1,0,10723,336,178,7.48475
node,669,tx,-1,6,10971,336,178,7.53722
rsu,10,rx,-1,0,10971,336,178,7.53733
node,135,tx,-1,4,11164,336,178,7.62994
node,573,tx,-1,9,11347,336,178,7.85831
node,633,tx,-1,9,11528,336,178,8.27013
rsu,10,tx,-1,0,11713,336,178,8.43532
rsu,15,tx,-1,0,12019,336,178,8.48475
node,111,tx,-1,0,12264,336,178,8.762
rsu,15,rx,-1,0,12264,336,178,8.76211
node,195,tx,-1,9,12532,336,178,9.08166
rsu,10,tx,-1,0,12702,336,178,9.43532
rsu,15,tx,-1,0,13009,336,178,9.48475
node,159,tx,-1,12,13256,336,178,9.7907
node,315,tx,-1,12,13451,336,178,9.85517
node,627,tx,-1,11,13616,336,178,9.89538
rsu,10,tx,-1,0,13781,336,178,10.4353
node,807,tx,-1,9,14072,336,178,10.4775
rsu,15,tx,-1,0,14250,336,178,10.4847
node,753,tx,-1,12,14499,336,178,10.9197
node,219,tx,-1,10,14668,336,178,11.2573
rsu,10,tx,-1,0,14853,336,178,11.4353
rsu,15,tx,-1,0,15144,336,178,11.4847
node,645,tx,-1,5,15390,336,178,11.5217
rsu,15,rx,-1,0,15390,336,178,11.5218
node,213,tx,-1,10,15618,336,178,11.5262
node,471,tx,-1,11,15788,336,178,11.6252
rsu,15,rx,-1,0,15788,336,178,11.6253
node,129,tx,-1,10,15975,336,178,11.9903
node,261,tx,-1,8,16162,336,178,12.0582
rsu,10,rx,-1,0,16162,336,178,12.0583
rsu,10,tx,-1,0,16388,336,178,12.4353
rsu,15,tx,-1,0,16678,336,178,12.4847
node,585,tx,-1,7,16917,336,178,12.607
node,375,tx,-1,11,17081,336,178,12.7176
node,387,tx,-1,11,17249,336,178,12.8545
node,297,tx,-1,12,17403,336,178,12.9176
node,45,tx,-1,10,17568,336,178,13.2192
node,453,tx,-1,8,17743,336,178,13.4338
rsu,10,tx,-1,0,17962,336,178,13.4353
rsu,15,tx,-1,0,18253,336,178,13.4847
node,591,tx,-1,11,18488,336,178,13.7692
rsu,10,rx,-1,0,18488,336,178,13.7693
node,501,tx,-1,11,18721,336,178,13.7792
node,141,tx,-1,12,18875,336,178,13.9461
node,711,tx,-1,0,19079,336,178,13.964
node,555,tx,-1,11,19267,336,178,14.0525
rsu,15,rx,-1,0,19267,336,178,14.0526
node,729,tx,-1,6,19507,336,178,14.1001
rsu,10,rx,-1,0,19507,336,178,14.1002
node,171,tx,-1,11,19714,336,178,14.2406
rsu,10,tx,-1,0,19895,336,178,14.4353
rsu,15,tx,-1,0,20186,336,178,14.4847
node,75,tx,-1,10,20423,336,178,15.0336
node,597,tx,-1,5,20609,336,178,15.1663
rsu,10,tx,-1,0,20802,336,178,15.4353
rsu,15,tx,-1,0,21092,336,178,15.4847
node,33,tx,-1,11,21332,336,178,15.9568
node,51,tx,-1,9,21763,336,178,16.1574
rsu,15,rx,-1,0,21763,336,178,16.1575
node,813,tx,-1,7,21971,336,178,16.1859
rsu,10,tx,-1,0,22174,336,178,16.4353
rsu,15,tx,-1,0,22468,336,178,16.4847
node,717,tx,-1,4,22708,336,178,16.7992
rsu,10,rx,-1,0,22708,336,178,16.7993
node,327,tx,-1,12,22935,336,178,16.8946
node,243,tx,-1,12,23124,336,178,16.9643
rsu,15,rx,-1,0,23124,336,178,16.9644
node,279,tx,-1,1,23344,336,178,17.2057
rsu,10,tx,-1,0,23520,336,178,17.4353
rsu,15,tx,-1,0,23807,336,178,17.4847
node,333,tx,-1,11,24044,336,178,17.4849
node,177,tx,-1,10,24264,336,178,17.609
node,771,tx,-1,1,24504,336,178,17.9501
rsu,10,rx,-1,0,24504,336,178,17.9502
node,93,tx,-1,12,29139,336,178,18.4001
rsu,10,tx,-1,0,29340,336,178,18.4353
rsu,15,tx,-1,0,29629,336,178,18.4847
node,291,tx,-1,12,29861,336,178,18.7377
rsu,10,rx,-1,0,29861,336,178,18.7378
node,267,tx,-1,12,30076,336,178,18.7625
node,63,tx,-1,5,30272,336,178,18.9024
node,255,tx,-1,10,30447,336,178,18.9694
rsu,10,rx,-1,0,30447,336,178,18.9695
rsu,10,tx,-1,0,30669,336,178,19.4353
rsu,15,tx,-1,0,30944,336,178,19.4847
node,399,tx,-1,6,31171,336,178,19.5892
rsu,10,rx,-1,0,31171,336,178,19.5894
node,27,tx,-1,11,31422,336,178,19.634
node,705,tx,-1,2,31578,336,178,19.7015
node,483,tx,-1,5,31965,336,178,20.0483
node,81,tx,-1,12,37447,336,178,20.2122
node,639,tx,-1,10,39576,336,178,20.2544
node,345,tx,-1,10,40920,336,178,20.2993
node,237,tx,-1,7,41512,336,178,20.3153
rsu,10,tx,-1,0,42625,336,178,20.4353
rsu,15,tx,-1,0,42904,336,178,20.4847
node,603,tx,-1,5,43130,336,178,20.5328
rsu,10,rx,-1,0,43130,336,178,20.5329
node,357,tx,-1,4,43352,336,178,20.5906
rsu,10,rx,-1,0,43352,336,178,20.5907
node,87,tx,-1,12,43521,336,178,20.8919
rsu,10,rx,-1,0,43521,336,178,20.892
node,699,tx,-1,7,43739,336,178,20.9966
rsu,10,rx,-1,0,43739,336,178,20.9967
node,513,tx,-1,6,43970,336,178,21.0198
node,447,tx,-1,10,44170,336,178,21.3142
rsu,10,rx,-1,0,44170,336,178,21.3143
node,741,tx,-1,10,44399,336,178,21.3826
rsu,10,rx,-1,0,44399,336,178,21.3828
rsu,10,tx,-1,0,44613,336,178,21.4353
rsu,15,tx,-1,0,44892,336,178,21.4847
node,489,tx,-1,10,45117,336,178,22.0679
node,153,tx,-1,6,49756,336,178,22.1963
node,783,tx,-1,11,56016,336,178,22.3798
node,651,tx,-1,11,56578,336,178,22.3996
rsu,10,tx,-1,0,56915,336,178,22.4353
rsu,15,tx,-1,0,57191,336,178,22.4847
node,621,tx,-1,11,57855,336,178,22.7689
node,189,tx,-1,7,58109,336,178,22.855
node,285,tx,-1,0,58292,336,178,22.9847
node,459,tx,-1,11,58473,336,178,23.098
node,417,tx,-1,0,58648,336,178,23.3159
rsu,10,tx,-1,0,58857,336,178,23.4353
rsu,15,tx,-1,0,59130,336,178,23.4847
node,549,tx,-1,10,59344,336,178,23.695
node,165,tx,-1,9,59498,336,178,23.8579
node,207,tx,-1,10,59710,336,178,24.0246
node,69,tx,-1,9,59868,336,178,24.0247
rsu,15,rx,-1,0,59710,336,178,24.0248
node,795,tx,-1,9,60075,336,178,24.0649
node,117,tx,-1,11,64218,336,178,24.2968
rsu,10,rx,-1,0,64218,336,178,24.2969
node,435,tx,-1,6,64690,336,178,24.3131
rsu,10,tx,-1,0,66642,336,178,24.4353
rsu,15,tx,-1,0,67258,336,178,24.4847
node,39,tx,-1,11,67632,336,178,24.5601
node,609,tx,-1,12,67830,336,178,24.7073
node,531,tx,-1,0,68016,336,178,24.7699
rsu,10,rx,-1,0,68016,336,178,24.77
node,123,tx,-1,11,68192,336,178,24.946
node,231,tx,-1,7,68372,336,178,25.1036
node,819,tx,-1,0,68541,336,178,25.1462
rsu,10,rx,-1,0,68541,336,178,25.1464
node,363,tx,-1,10,68785,336,178,25.3835
rsu,10,tx,-1,0,68957,336,178,25.4353
node,519,tx,-1,2,69231,336,178,25.4806
rsu,15,tx,-1,0,69408,336,178,25.4847
node,381,tx,-1,3,69621,336,178,25.584
node,183,tx,-1,11,69799,336,178,25.9605
node,675,tx,-1,9,69975,336,178,25.9964
node,351,tx,-1,12,70151,336,178,26.0955
node,789,tx,-1,12,70321,336,178,26.1867
rsu,10,tx,-1,0,71016,336,178,26.4353
rsu,15,tx,-1,0,71291,336,178,26.4847
node,765,tx,-1,9,71511,336,178,26.5129
node,99,tx,-1,12,71697,336,178,26.5684
node,693,tx,-1,0,72050,336,178,27.2581
node,507,tx,-1,11,72216,336,178,27.2969
node,561,tx,-1,7,72404,336,178,27.4187
rsu,15,rx,-1,0,72404,336,178,27.4188
rsu,10,tx,-1,0,72624,336,178,27.4353
node,759,tx,-1,11,72900,336,178,27.4371
rsu,15,tx,-1,0,73116,336,178,27.4847
node,105,tx,-1,11,73340,336,178,27.6856
node,273,tx,-1,1,73557,336,178,27.8544
rsu,10,tx,-1,0,74361,336,178,28.4353
rsu,15,tx,-1,0,74631,336,178,28.4847
node,747,tx,-1,12,74852,336,178,29.2726
node,735,tx,-1,11,75024,336,178,29.3398
rsu,10,tx,-1,0,75225,336,178,29.4353
rsu,15,tx,-1,0,75502,336,178,29.4847
node,441,tx,-1,12,75723,336,178,29.7024
node,495,tx,-1,11,75945,336,178,29.9434
node,687,tx,-1,12,76101,336,178,30.1164
rsu,15,rx,-1,0,76101,336,178,30.1165
node,147,tx,-1,6,76283,336,178,30.1174
rsu,15,rx,-1,0,76283,336,178,30.1175
rsu,10,tx,-1,0,76491,336,178,30.4353
rsu,15,tx,-1,0,76765,336,178,30.4847
node,567,tx,-1,12,76984,336,178,30.6191
node,681,tx,-1,12,77137,336,178,30.6659
node,405,tx,-1,11,77323,336,178,30.7595
rsu,15,rx,-1,0,77323,336,178,30.7596
rsu,10,tx,-1,0,77531,336,178,31.4353
rsu,15,tx,-1,0,77804,336,178,31.4847
node,465,tx,-1,11,78020,336,178,31.756
node,201,tx,-1,11,78190,336,178,31.7665
node,393,tx,-1,8,78339,336,178,31.911
node,225,tx,-1,12,78517,336,178,32.2539
node,423,tx,-1,10,78703,336,178,32.2729
rsu,10,tx,-1,0,78876,336,178,32.4353
rsu,15,tx,-1,0,79146,336,178,32.4847
node,525,tx,-1,2,79366,336,178,33.058
node,825,tx,-1,11,79536,336,178,33.2068
rsu,10,tx,-1,0,79713,336,178,33.4353
rsu,15,tx,-1,0,79976,336,178,33.4847
node,369,tx,-1,0,80195,336,178,33.6269
node,663,tx,-1,11,80418,336,178,33.6336
node,321,tx,-1,1,80610,336,178,33.8586
node,837,tx,-1,6,80755,336,178,34.328
rsu,15,rx,-1,0,80755,336,178,34.3282
rsu,10,tx,-1,0,80972,336,178,34.4353
rsu,15,tx,-1,0,81237,336,178,34.4847
node,57,tx,-1,10,81457,336,178,34.4858
node,21,tx,-1,9,81647,336,178,34.5985
node,537,tx,-1,12,81852,336,178,34.7566
node,657,tx,-1,5,82041,336,178,34.8653
rsu,15,rx,-1,0,82041,336,178,34.8655
node,429,tx,-1,11,82238,336,178,34.9628
node,249,tx,-1,12,82412,336,178,35.0186
node,339,tx,-1,0,82599,336,178,35.3563
rsu,10,tx,-1,0,82789,336,178,35.4353
rsu,15,tx,-1,0,83054,336,178,35.4847
node,801,tx,-1,0,83273,336,178,35.7962
node,579,tx,-1,12,83438,336,178,36.2333
node,615,tx,-1,12,83651,336,178,36.2693
rsu,15,rx,-1,0,83651,336,178,36.2695
rsu,10,tx,-1,0,83832,336,178,36.4353
rsu,15,tx,-1,0,84097,336,178,36.4847
node,777,tx,-1,11,84317,336,178,36.586
node,303,tx,-1,9,84498,336,178,36.5988
node,723,tx,-1,12,84643,336,178,36.9969
node,477,tx,-1,11,84838,336,178,37.0253
rsu,10,rx,-1,0,84838,336,178,37.0254
node,543,tx,-1,12,85053,336,178,37.1738
node,411,tx,-1,9,85241,336,178,37.2115
node,309,tx,-1,10,85421,336,178,37.383
rsu,10,tx,-1,0,85613,336,178,37.4353
rsu,15,tx,-1,0,85876,336,178,37.4847
node,669,tx,-1,0,86095,336,178,37.5372
rsu,10,rx,-1,0,86095,336,178,37.5373
node,135,tx,-1,9,86264,336,178,37.6299
node,831,tx,-1,0,86409,336,178,37.6657
node,573,tx,-1,10,86601,336,178,37.8583
node,633,tx,-1,11,86780,336,178,38.2701
rsu,10,tx,-1,0,86964,336,178,38.4353
rsu,15,tx,-1,0,87230,336,178,38.4847
node,111,tx,-1,0,87461,336,178,38.762
rsu,15,rx,-1,0,87461,336,178,38.7621
node,195,tx,-1,5,87695,336,178,39.0817
rsu,10,tx,-1,0,87861,336,178,39.4353
rsu,15,tx,-1,0,88135,336,178,39.4847
node,159,tx,-1,11,88376,336,178,39.7907
node,315,tx,-1,11,88569,336,178,39.8552
node,627,tx,-1,10,88788,336,178,39.8954
rsu,10,tx,-1,0,88975,336,178,40.4353
node,807,tx,-1,10,89253,336,178,40.4775
rsu,15,tx,-1,0,89451,336,178,40.4847
node,753,tx,-1,12,89698,336,178,40.9197
rsu,10,rx,-1,0,89698,336,178,40.9198
node,219,tx,-1,10,89951,336,178,41.2573
rsu,10,rx,-1,0,89951,336,178,41.2575
rsu,10,tx,-1,0,90221,336,178,41.4353
rsu,15,tx,-1,0,90498,336,178,41.4847
node,645,tx,-1,12,90748,336,178,41.5217
rsu,15,rx,-1,0,90748,336,178,41.5218
node,213,tx,-1,2,90954,336,178,41.5262
node,471,tx,-1,11,91170,336,178,41.6252
node,129,tx,-1,10,91351,336,178,41.9903
node,261,tx,-1,12,91538,336,178,42.0582
rsu,10,tx,-1,0,91720,336,178,42.4353
rsu,15,tx,-1,0,91994,336,178,42.4847
node,585,tx,-1,5,92243,336,178,42.607
node,375,tx,-1,11,92434,336,178,42.7176
node,387,tx,-1,10,92623,336,178,42.8545
node,45,tx,-1,5,92805,336,178,43.2192
node,453,tx,-1,9,92996,336,178,43.4338
rsu,10,rx,-1,0,92996,336,178,43.4339
rsu,10,tx,-1,0,93225,336,178,43.4353
rsu,15,tx,-1,0,93500,336,178,43.4847
node,591,tx,-1,11,93745,336,178,43.7692
rsu,10,rx,-1,0,93745,336,178,43.7693
node,501,tx,-1,11,93979,336,178,43.7792
rsu,10,rx,-1,0,93979,336,178,43.7794
node,141,tx,-1,9,94215,336,178,43.9461
node,711,tx,-1,0,94388,336,178,43.964
node,555,tx,-1,11,94571,336,178,44.0525
node,729,tx,-1,9,94748,336,178,44.1001
node,171,tx,-1,3,94916,336,178,44.2406
rsu,15,rx,-1,0,94916,336,178,44.2408
rsu,10,tx,-1,0,95183,336,178,44.4353
rsu,15,tx,-1,0,95455,336,178,44.4847
node,75,tx,-1,9,95701,336,178,45.0336
node,597,tx,-1,6,95871,336,178,45.1663
rsu,10,tx,-1,0,96102,336,178,45.4353
rsu,15,tx,-1,0,96371,336,178,45.4847
node,33,tx,-1,9,96617,336,178,45.9568
node,51,tx,-1,6,96817,336,178,46.1574
node,813,tx,-1,0,96981,336,178,46.1859
rsu,10,rx,-1,0,96981,336,178,46.186
rsu,10,tx,-1,0,97218,336,178,46.4353
rsu,15,tx,-1,0,97487,336,178,46.4847
node,717,tx,-1,11,97725,336,178,46.7992
rsu,10,rx,-1,0,97725,336,178,46.7993
node,327,tx,-1,12,97932,336,178,46.8946
node,243,tx,-1,11,98119,336,178,46.9643
node,279,tx,-1,1,98299,336,178,47.2057
rsu,10,tx,-1,0,98459,336,178,47.4353
rsu,15,tx,-1,0,98724,336,178,47.4847
node,333,tx,-1,11,98955,336,178,47.4849
node,177,tx,-1,11,99126,336,178,47.609
node,771,tx,-1,7,99340,336,178,47.9501
node,93,tx,-1,11,99537,336,178,48.4001
rsu,10,tx,-1,0,99719,336,178,48.4353
rsu,15,tx,-1,0,99973,336,178,48.4847
node,291,tx,-1,6,100201,336,178,48.7377
node,267,tx,-1,8,100434,336,178,48.7625
node,63,tx,-1,0,100625,336,178,48.9024
node,255,tx,-1,12,100793,336,178,48.9694
rsu,10,tx,-1,0,100996,336,178,49.4353
rsu,15,tx,-1,0,101257,336,178,49.4847
node,399,tx,-1,10,101484,336,178,49.5892
node,27,tx,-1,12,101686,336,178,49.634
node,705,tx,-1,0,101834,336,178,49.7015
node,483,tx,-1,9,102013,336,178,50.0483
node,81,tx,-1,4,102208,336,178,50.2122
node,639,tx,-1,10,102386,336,178,50.2544
node,345,tx,-1,12,102560,336,178,50.2993
node,237,tx,-1,10,102742,336,178,50.3153
rsu,10,tx,-1,0,102938,336,178,50.4353
rsu,15,tx,-1,0,103198,336,178,50.4847
node,603,tx,-1,12,103432,336,178,50.5328
rsu,10,rx,-1,0,103432,336,178,50.5329
node,357,tx,-1,3,103640,336,178,50.5906
rsu,10,rx,-1,0,103640,336,178,50.5907
node,87,tx,-1,12,103909,336,178,50.8919
rsu,10,rx,-1,0,103909,336,178,50.892
node,699,tx,-1,11,104149,336,178,50.9966
node,513,tx,-1,10,104356,336,178,51.0198
node,447,tx,-1,0,104538,336,178,51.3142
rsu,10,rx,-1,0,104538,336,178,51.3143
node,741,tx,-1,12,104727,336,178,51.3826
rsu,15,rx,-1,0,104727,336,178,51.3828
rsu,10,tx,-1,0,104988,336,178,51.4353
rsu,15,tx,-1,0,105244,336,178,51.4847
node,489,tx,-1,12,105481,336,178,52.0679
node,153,tx,-1,10,105687,336,178,52.1963
node,783,tx,-1,12,105860,336,178,52.3798
node,651,tx,-1,11,106084,336,178,52.3996
rsu,10,tx,-1,0,106260,336,178,52.4353
rsu,15,tx,-1,0,106508,336,178,52.4847
node,621,tx,-1,12,106750,336,178,52.7689
node,189,tx,-1,11,106952,336,178,52.855
node,285,tx,-1,0,107126,336,178,52.9847
node,459,tx,-1,7,107304,336,178,53.098
rsu,15,rx,-1,0,107304,336,178,53.0981
node,417,tx,-1,0,107527,336,178,53.3159
rsu,10,tx,-1,0,107720,336,178,53.4353
rsu,15,tx,-1,0,107962,336,178,53.4847
node,549,tx,-1,10,108192,336,178,53.695
node,165,tx,-1,8,108350,336,178,53.8579
node,207,tx,-1,11,108545,336,178,54.0246
node,69,tx,-1,11,108696,336,178,54.0247
rsu,10,rx,-1,0,108696,336,178,54.0248
node,795,tx,-1,4,108972,336,178,54.0649
rsu,10,rx,-1,0,108972,336,178,54.065
rsu,15,rx,-1,0,108972,336,178,54.065
node,117,tx,-1,12,109197,336,178,54.2968
node,435,tx,-1,5,109399,336,178,54.3131
rsu,10,tx,-1,0,109662,336,178,54.4353
rsu,15,tx,-1,0,109908,336,178,54.4847
node,39,tx,-1,12,110136,336,178,54.5601
node,609,tx,-1,10,110330,336,178,54.7073
node,531,tx,-1,7,110493,336,178,54.7699
rsu,10,rx,-1,0,110493,336,178,54.77
node,231,tx,-1,2,110682,336,178,55.1036
node,363,tx,-1,12,110853,336,178,55.3835
rsu,10,tx,-1,0,111068,336,178,55.4353
node,519,tx,-1,1,111316,336,178,55.4806
rsu,15,tx,-1,0,111487,336,178,55.4847
node,381,tx,-1,9,111718,336,178,55.584
node,183,tx,-1,11,111927,336,178,55.9605
node,675,tx,-1,10,112110,336,178,55.9964
node,351,tx,-1,6,112307,336,178,56.0955
node,789,tx,-1,11,112472,336,178,56.1867
rsu,10,tx,-1,0,112670,336,178,56.4353
rsu,15,tx,-1,0,112927,336,178,56.4847
node,765,tx,-1,11,113156,336,178,56.5129
node,99,tx,-1,11,113310,336,178,56.5684
node,693,tx,-1,8,113507,336,178,57.2581
rsu,10,rx,-1,0,113507,336,178,57.2582
node,507,tx,-1,8,113707,336,178,57.2969
rsu,15,rx,-1,0,113707,336,178,57.297
node,561,tx,-1,8,113970,336,178,57.4187
rsu,10,tx,-1,0,114148,336,178,57.4353
node,759,tx,-1,12,114398,336,178,57.4371
rsu,15,tx,-1,0,114577,336,178,57.4847
node,105,tx,-1,7,114807,336,178,57.6856
node,273,tx,-1,9,115008,336,178,57.8544
rsu,10,tx,-1,0,115179,336,178,58.4353
rsu,15,tx,-1,0,115428,336,178,58.4847
node,735,tx,-1,12,115651,336,178,59.3398
rsu,10,tx,-1,0,115845,336,178,59.4353
rsu,15,tx,-1,0,116094,336,178,59.4847
node,441,tx,-1,11,116317,336,178,59.7024
node,495,tx,-1,11,116498,336,178,59.9434
node,687,tx,-1,12,116648,336,178,60.1164
node,147,tx,-1,3,116828,336,178,60.1174
rsu,10,tx,-1,0,117063,336,178,60.4353
rsu,15,tx,-1,0,117308,336,178,60.4847
node,567,tx,-1,10,117530,336,178,60.6191
node,681,tx,-1,11,117683,336,178,60.6659
node,405,tx,-1,9,117884,336,178,60.7595
rsu,15,rx,-1,0,117884,336,178,60.7596
rsu,10,tx,-1,0,118077,336,178,61.4353
rsu,15,tx,-1,0,118321,336,178,61.4847
node,465,tx,-1,11,118535,336,178,61.756
node,201,tx,-1,4,118732,336,178,61.7665
node,393,tx,-1,11,118896,336,178,61.911
node,225,tx,-1,11,119076,336,178,62.2539
node,423,tx,-1,10,119257,336,178,62.2729
rsu,10,rx,-1,0,119257,336,178,62.273
rsu,10,tx,-1,0,119530,336,178,62.4353
rsu,15,tx,-1,0,119775,336,178,62.4847
node,525,tx,-1,0,119987,336,178,63.058
node,825,tx,-1,4,120144,336,178,63.2068
rsu,10,tx,-1,0,120372,336,178,63.4353
rsu,15,tx,-1,0,120622,336,178,63.4847
node,369,tx,-1,11,120843,336,178,63.6269
node,663,tx,-1,8,121018,336,178,63.6336
rsu,15,rx,-1,0,121018,336,178,63.6337
node,321,tx,-1,2,121185,336,178,63.8586
node,837,tx,-1,6,121325,336,178,64.328
rsu,15,rx,-1,0,121325,336,178,64.3282
rsu,10,tx,-1,0,121539,336,178,64.4353
rsu,15,tx,-1,0,121794,336,178,64.4847
node,57,tx,-1,12,122019,336,178,64.4858
node,21,tx,-1,7,122201,336,178,64.5985
node,537,tx,-1,12,122420,336,178,64.7566
node,657,tx,-1,4,122568,336,178,64.8653
rsu,15,rx,-1,0,122568,336,178,64.8655
node,429,tx,-1,12,122792,336,178,64.9628
node,249,tx,-1,12,122964,336,178,65.0186
rsu,10,tx,-1,0,123148,336,178,65.4353
rsu,15,tx,-1,0,123399,336,178,65.4847
node,801,tx,-1,5,123624,336,178,65.7962
rsu,10,rx,-1,0,123624,336,178,65.7963
node,579,tx,-1,10,123827,336,178,66.2333
node,615,tx,-1,11,124014,336,178,66.2693
rsu,15,rx,-1,0,124014,336,178,66.2694
rsu,10,tx,-1,0,124182,336,178,66.4353
rsu,15,tx,-1,0,124444,336,178,66.4847
node,777,tx,-1,10,124668,336,178,66.586
node,303,tx,-1,6,124844,336,178,66.5988
node,723,tx,-1,10,124990,336,178,66.9969
node,477,tx,-1,10,125174,336,178,67.0253
rsu,10,rx,-1,0,125174,336,178,67.0254
node,543,tx,-1,0,125386,336,178,67.1738
node,411,tx,-1,8,125595,336,178,67.2115
node,309,tx,-1,0,125770,336,178,67.383
rsu,10,tx,-1,0,125997,336,178,67.4353
rsu,15,tx,-1,0,126252,336,178,67.4847
node,669,tx,-1,10,126470,336,178,67.5372
rsu,10,rx,-1,0,126470,336,178,67.5373
node,135,tx,-1,12,126658,336,178,67.6299
node,831,tx,-1,1,126839,336,178,67.6657
node,573,tx,-1,11,126997,336,178,67.8583
node,633,tx,-1,10,127191,336,178,68.2701
rsu,10,tx,-1,0,127350,336,178,68.4353
rsu,15,tx,-1,0,127605,336,178,68.4847
node,111,tx,-1,9,127830,336,178,68.762
node,195,tx,-1,11,128016,336,178,69.0817
rsu,10,tx,-1,0,128181,336,178,69.4353
rsu,15,tx,-1,0,128433,336,178,69.4847
node,159,tx,-1,6,128664,336,178,69.7907
node,315,tx,-1,11,128865,336,178,69.8552
rsu,15,rx,-1,0,128865,336,178,69.8553
node,627,tx,-1,10,129071,336,178,69.8954
rsu,10,tx,-1,0,129248,336,178,70.4353
node,807,tx,-1,11,129499,336,178,70.4775
rsu,15,tx,-1,0,129682,336,178,70.4847
node,753,tx,-1,11,129910,336,178,70.9197
node,219,tx,-1,10,130060,336,178,71.2573
rsu,10,tx,-1,0,130209,336,178,71.4353
rsu,15,tx,-1,0,130455,336,178,71.4847
node,645,tx,-1,12,130672,336,178,71.5217
node,213,tx,-1,12,130860,336,178,71.5262
node,471,tx,-1,4,131009,336,178,71.6252
rsu,15,rx,-1,0,131009,336,178,71.6253
node,129,tx,-1,7,131248,336,178,71.9903
node,261,tx,-1,11,131427,336,178,72.0582
rsu,10,tx,-1,0,131614,336,178,72.4353
rsu,15,tx,-1,0,131859,336,178,72.4847
node,585,tx,-1,6,132080,336,178,72.607
node,375,tx,-1,12,132276,336,178,72.7176
node,387,tx,-1,12,132451,336,178,72.8545
node,45,tx,-1,7,132620,336,178,73.2192
node,453,tx,-1,11,132832,336,178,73.4338
rsu,10,tx,-1,0,133027,336,178,73.4353
rsu,15,tx,-1,0,133275,336,178,73.4847
node,591,tx,-1,11,133502,336,178,73.7692
node,501,tx,-1,10,133690,336,178,73.7792
node,141,tx,-1,5,133867,336,178,73.9461
node,711,tx,-1,1,134027,336,178,73.964
node,555,tx,-1,2,134196,336,178,74.0525
node,729,tx,-1,10,134411,336,178,74.1001
rsu,10,rx,-1,0,134411,336,178,74.1002
node,171,tx,-1,8,134615,336,178,74.2406
rsu,10,tx,-1,0,134812,336,178,74.4353
rsu,15,tx,-1,0,135056,336,178,74.4847
node,75,tx,-1,0,135284,336,178,75.0336
node,597,tx,-1,7,135461,336,178,75.1663
rsu,15,rx,-1,0,135461,336,178,75.1664
rsu,10,tx,-1,0,135658,336,178,75.4353
rsu,15,tx,-1,0,135898,336,178,75.4847
node,33,tx,-1,10,136121,336,178,75.9568
node,51,tx,-1,11,136311,336,178,76.1574
rsu,15,rx,-1,0,136311,336,178,76.1575
node,813,tx,-1,9,136481,336,178,76.1859
rsu,10,tx,-1,0,136647,336,178,76.4353
rsu,15,tx,-1,0,136899,336,178,76.4847
node,717,tx,-1,0,137124,336,178,76.7992
rsu,10,rx,-1,0,137124,336,178,76.7993
node,327,tx,-1,0,137311,336,178,76.8946
node,243,tx,-1,12,137487,336,178,76.9643
node,279,tx,-1,1,137663,336,178,77.2057
rsu,10,tx,-1,0,137820,336,178,77.4353
rsu,15,tx,-1,0,138067,336,178,77.4847
node,177,tx,-1,11,138291,336,178,77.609
node,771,tx,-1,10,138482,336,178,77.9501
node,93,tx,-1,9,138656,336,178,78.4001
rsu,10,tx,-1,0,138858,336,178,78.4353
rsu,15,tx,-1,0,139108,336,178,78.4847
node,291,tx,-1,10,139334,336,178,78.7377
node,267,tx,-1,9,139504,336,178,78.7625
rsu,15,rx,-1,0,139504,336,178,78.7627
node,63,tx,-1,11,139713,336,178,78.9024
rsu,10,rx,-1,0,139713,336,178,78.9025
node,255,tx,-1,11,139904,336,178,78.9694
rsu,10,tx,-1,0,140051,336,178,79.4353
rsu,15,tx,-1,0,140301,336,178,79.4847
node,399,tx,-1,6,140533,336,178,79.5892
rsu,10,rx,-1,0,140533,336,178,79.5894
node,27,tx,-1,12,140770,336,178,79.634
node,705,tx,-1,2,140913,336,178,79.7015
node,483,tx,-1,9,141064,336,178,80.0483
node,81,tx,-1,11,141259,336,178,80.2122
node,345,tx,-1,7,141406,336,178,80.2993
rsu,10,rx,-1,0,141406,336,178,80.2995
node,237,tx,-1,4,141634,336,178,80.3153
rsu,15,rx,-1,0,141634,336,178,80.3154
rsu,10,tx,-1,0,141832,336,178,80.4353
rsu,15,tx,-1,0,142084,336,178,80.4847
node,603,tx,-1,0,142318,336,178,80.5328
rsu,10,rx,-1,0,142318,336,178,80.5329
node,357,tx,-1,10,142514,336,178,80.5906
node,87,tx,-1,0,142681,336,178,80.8919
rsu,10,rx,-1,0,142681,336,178,80.892
node,699,tx,-1,12,142872,336,178,80.9966
node,513,tx,-1,8,143087,336,178,81.0198
node,447,tx,-1,0,143276,336,178,81.3142
rsu,10,rx,-1,0,143276,336,178,81.3143
rsu,10,tx,-1,0,143467,336,178,81.4353
rsu,15,tx,-1,0,143726,336,178,81.4847
node,153,tx,-1,0,143959,336,178,82.1963
node,783,tx,-1,6,144148,336,178,82.3798
rsu,15,rx,-1,0,144148,336,178,82.3799
node,651,tx,-1,11,144410,336,178,82.3996
rsu,10,tx,-1,0,144568,336,178,82.4353
rsu,15,tx,-1,0,144826,336,178,82.4847
node,621,tx,-1,12,145051,336,178,82.7689
node,189,tx,-1,12,145229,336,178,82.855
node,285,tx,-1,11,145410,336,178,82.9847
node,459,tx,-1,6,145570,336,178,83.098
rsu,15,rx,-1,0,145570,336,178,83.0981
node,417,tx,-1,6,145773,336,178,83.3159
rsu,10,tx,-1,0,145919,336,178,83.4353
rsu,15,tx,-1,0,146170,336,178,83.4847
node,549,tx,-1,10,146395,336,178,83.695
node,165,tx,-1,4,146542,336,178,83.8579
node,207,tx,-1,9,146775,336,178,84.0246
node,69,tx,-1,10,146918,336,178,84.0247
rsu,10,rx,-1,0,146918,336,178,84.0248
node,795,tx,-1,8,147183,336,178,84.0649
node,117,tx,-1,11,147341,336,178,84.2968
node,435,tx,-1,10,147505,336,178,84.3131
rsu,10,rx,-1,0,147505,336,178,84.3132
rsu,10,tx,-1,0,147723,336,178,84.4353
rsu,15,tx,-1,0,147982,336,178,84.4847
node,39,tx,-1,8,148203,336,178,84.5601
node,609,tx,-1,0,148353,336,178,84.7073
node,531,tx,-1,12,148529,336,178,84.7699
node,231,tx,-1,12,148667,336,178,85.1036
rsu,10,rx,-1,0,148667,336,178,85.1037
node,363,tx,-1,3,148848,336,178,85.3835
rsu,10,tx,-1,0,149055,336,178,85.4353
node,519,tx,-1,10,149306,336,178,85.4806
rsu,10,rx,-1,0,149306,336,178,85.4807
rsu,15,tx,-1,0,149477,336,178,85.4847
node,381,tx,-1,10,149697,336,178,85.584
node,183,tx,-1,5,149846,336,178,85.9605
rsu,15,rx,-1,0,149846,336,178,85.9606
node,675,tx,-1,10,150113,336,178,85.9964
node,351,tx,-1,0,150263,336,178,86.0955
node,789,tx,-1,0,150444,336,178,86.1867
rsu,10,tx,-1,0,150633,336,178,86.4353
rsu,15,tx,-1,0,150880,336,178,86.4847
node,765,tx,-1,11,151096,336,178,86.5129
node,99,tx,-1,10,151281,336,178,86.5684
node,693,tx,-1,2,151441,336,178,87.2581
rsu,10,rx,-1,0,151441,336,178,87.2582
node,561,tx,-1,12,151643,336,178,87.4187
rsu,10,tx,-1,0,151821,336,178,87.4353
node,759,tx,-1,8,152067,336,178,87.4371
rsu,15,tx,-1,0,152223,336,178,87.4847
node,105,tx,-1,8,152440,336,178,87.6856
rsu,15,rx,-1,0,152440,336,178,87.6857
node,273,tx,-1,11,152671,336,178,87.8544
rsu,10,rx,-1,0,152671,336,178,87.8545
rsu,10,tx,-1,0,152861,336,178,88.4353
rsu,15,tx,-1,0,153114,336,178,88.4847
node,735,tx,-1,9,153333,336,178,89.3398
rsu,10,rx,-1,0,153333,336,178,89.3399
rsu,10,tx,-1,0,153564,336,178,89.4353
rsu,15,tx,-1,0,153817,336,178,89.4847
node,441,tx,-1,0,154039,336,178,89.7024
rsu,15,rx,-1,0,154039,336,178,89.7025
node,495,tx,-1,11,154263,336,178,89.9434
node,687,tx,-1,10,154415,336,178,90.1164
node,147,tx,-1,12,154551,336,178,90.1174
rsu,10,tx,-1,0,154723,336,178,90.4353
rsu,15,tx,-1,0,154983,336,178,90.4847
node,567,tx,-1,11,155205,336,178,90.6191
node,681,tx,-1,12,155345,336,178,90.6659
node,405,tx,-1,11,155532,336,178,90.7595
rsu,10,tx,-1,0,155684,336,178,91.4353
rsu,15,tx,-1,0,155948,336,178,91.4847
node,465,tx,-1,12,156168,336,178,91.756
node,201,tx,-1,12,156339,336,178,91.7665
rsu,10,rx,-1,0,156339,336,178,91.7666
node,393,tx,-1,1,156522,336,178,91.911
rsu,10,rx,-1,0,156522,336,178,91.9112
node,225,tx,-1,3,156765,336,178,92.2539
rsu,10,tx,-1,0,156970,336,178,92.4353
rsu,15,tx,-1,0,157241,336,178,92.4847
node,525,tx,-1,6,157470,336,178,93.058
node,825,tx,-1,4,157627,336,178,93.2068
rsu,15,rx,-1,0,157627,336,178,93.207
rsu,10,tx,-1,0,157890,336,178,93.4353
rsu,15,tx,-1,0,158148,336,178,93.4847
node,369,tx,-1,12,158367,336,178,93.6269
node,663,tx,-1,12,158548,336,178,93.6336
node,321,tx,-1,5,158705,336,178,93.8586
rsu,15,rx,-1,0,158705,336,178,93.8588
rsu,10,tx,-1,0,158878,336,178,94.4353
rsu,15,tx,-1,0,159139,336,178,94.4847
node,57,tx,-1,9,159366,336,178,94.4858
node,21,tx,-1,6,159507,336,178,94.5985
node,537,tx,-1,8,159709,336,178,94.7566
node,429,tx,-1,12,159911,336,178,94.9628
node,249,tx,-1,11,160068,336,178,95.0186
rsu,15,rx,-1,0,160068,336,178,95.0187
rsu,10,tx,-1,0,160224,336,178,95.4353
rsu,15,tx,-1,0,160484,336,178,95.4847
node,801,tx,-1,10,160708,336,178,95.7962
rsu,10,rx,-1,0,160708,336,178,95.7963
node,579,tx,-1,1,160910,336,178,96.2333
node,615,tx,-1,8,161076,336,178,96.2693
rsu,15,rx,-1,0,161076,336,178,96.2694
rsu,10,tx,-1,0,161281,336,178,96.4353
rsu,15,tx,-1,0,161533,336,178,96.4847
node,777,tx,-1,10,161756,336,178,96.586
node,303,tx,-1,10,161915,336,178,96.5988
rsu,10,rx,-1,0,161915,336,178,96.5989
node,723,tx,-1,7,162084,336,178,96.9969
rsu,15,rx,-1,0,162084,336,178,96.997
node,477,tx,-1,5,162269,336,178,97.0253
rsu,10,rx,-1,0,162269,336,178,97.0254
node,543,tx,-1,11,162496,336,178,97.1738
node,411,tx,-1,9,162681,336,178,97.2115
node,309,tx,-1,7,162825,336,178,97.383
rsu,10,tx,-1,0,162992,336,178,97.4353
rsu,15,tx,-1,0,163234,336,178,97.4847
node,669,tx,-1,6,163445,336,178,97.5372
node,135,tx,-1,4,163575,336,178,97.6299
rsu,15,rx,-1,0,163575,336,178,97.6301
node,831,tx,-1,0,163789,336,178,97.6657
node,573,tx,-1,9,163927,336,178,97.8583
node,633,tx,-1,0,164111,336,178,98.2701
rsu,10,tx,-1,0,164268,336,178,98.4353
rsu,15,tx,-1,0,164512,336,178,98.4847
node,111,tx,-1,10,164725,336,178,98.762
node,195,tx,-1,12,164878,336,178,99.0817
rsu,10,tx,-1,0,165014,336,178,99.4353
rsu,15,tx,-1,0,165253,336,178,99.4847
node,159,tx,-1,10,165462,336,178,99.7907
node,315,tx,-1,12,165636,336,178,99.8552
rsu,15,rx,-1,0,165636,336,178,99.8553
node,627,tx,-1,11,165792,336,178,99.8954
