rsu,10,tx,-1,0,30,336,178,0.748804
rsu,15,tx,-1,0,42,336,178,0.831911
node,297,tx,-1,0,1830,336,178,1.08748
node,555,tx,-1,0,2003,336,178,1.73298
rsu,15,rx,-1,0,2003,336,178,1.73309
rsu,10,tx,-1,0,2263,336,178,1.7488
node,531,tx,-1,0,2560,336,178,1.75792
rsu,10,rx,-1,0,2560,336,178,1.75803
rsu,15,tx,-1,0,2753,336,178,1.83191
node,399,tx,-1,0,3014,336,178,1.92055
node,351,tx,-1,1,3198,336,178,2.13915
rsu,15,rx,-1,0,3198,336,178,2.13927
node,159,tx,-1,2,3399,336,178,2.17845
rsu,10,tx,-1,0,3598,336,178,2.7488
node,705,tx,-1,2,3906,336,178,2.76467
rsu,15,tx,-1,0,4072,336,178,2.83191
node,69,tx,-1,2,4342,336,178,2.9669
node,405,tx,-1,1,4565,336,178,3.31166
node,165,tx,-1,2,4813,336,178,3.39378
rsu,10,tx,-1,0,4980,336,178,3.7488
node,489,tx,-1,2,5282,336,178,3.80321
rsu,15,tx,-1,0,5498,336,178,3.83191
node,789,tx,-1,1,5791,336,178,4.14607
node,99,tx,-1,5,5993,336,178,4.65862
rsu,10,tx,-1,0,6154,336,178,4.7488
rsu,15,tx,-1,0,6455,336,178,4.83191
node,339,tx,-1,7,6749,336,178,5.1212
node,777,tx,-1,3,6892,336,178,5.14872
rsu,15,rx,-1,0,6892,336,178,5.14883
rsu,10,tx,-1,0,7157,336,178,5.7488
node,279,tx,-1,1,7458,336,178,5.77581
rsu,15,tx,-1,0,7628,336,178,5.83191
node,411,tx,-1,6,7889,336,178,6.04218
rsu,15,rx,-1,0,7889,336,178,6.0423
node,435,tx,-1,7,8146,336,178,6.28126
rsu,10,rx,-1,0,8146,336,178,6.28138
rsu,10,tx,-1,0,8378,336,178,6.7488
node,651,tx,-1,5,8678,336,178,6.79761
rsu,15,tx,-1,0,8855,336,178,6.83191
node,105,tx,-1,6,9108,336,178,6.96843
node,417,tx,-1,4,9285,336,178,7.28793
node,591,tx,-1,6,9439,336,178,7.28917
rsu,10,rx,-1,0,9439,336,178,7.28928
node,381,tx,-1,7,9661,336,178,7.36639
node,825,tx,-1,0,9830,336,178,7.40814
rsu,10,tx,-1,0,10007,336,178,7.7488
rsu,15,tx,-1,0,10310,336,178,7.83191
node,633,tx,-1,7,10558,336,178,8.13727
node,321,tx,-1,2,10773,336,178,8.45838
node,147,tx,-1,9,10922,336,178,8.54122
rsu,10,tx,-1,0,11096,336,178,8.7488
rsu,15,tx,-1,0,11399,336,178,8.83191
node,639,tx,-1,6,11645,336,178,8.90209
node,21,tx,-1,9,11828,336,178,8.96698
node,621,tx,-1,10,11987,336,178,9.09203
node,561,tx,-1,12,12194,336,178,9.22884
node,207,tx,-1,8,12377,336,178,9.49445
rsu,15,rx,-1,0,12377,336,178,9.49456
node,627,tx,-1,8,12608,336,178,9.64759
rsu,10,tx,-1,0,12772,336,178,9.7488
node,225,tx,-1,12,13070,336,178,9.78394
rsu,15,rx,-1,0,13070,336,178,9.78406
rsu,15,tx,-1,0,13239,336,178,9.83191
node,501,tx,-1,5,13480,336,178,9.8611
rsu,10,rx,-1,0,13480,336,178,9.8612
node,213,tx,-1,10,13723,336,178,10.0919
node,717,tx,-1,10,13891,336,178,10.1372
node,711,tx,-1,1,14054,336,178,10.1396
node,111,tx,-1,0,14234,336,178,10.2933
node,615,tx,-1,10,14475,336,178,10.4172
node,687,tx,-1,5,14624,336,178,10.4736
node,681,tx,-1,10,14819,336,178,10.6343
rsu,10,tx,-1,0,14990,336,178,10.7488
rsu,15,tx,-1,0,15280,336,178,10.8319
node,87,tx,-1,10,15525,336,178,11.065
rsu,10,rx,-1,0,15525,336,178,11.0651
node,33,tx,-1,10,15743,336,178,11.0821
node,465,tx,-1,8,15921,336,178,11.1604
rsu,10,rx,-1,0,15921,336,178,11.1605
node,183,tx,-1,12,16148,336,178,11.3904
node,267,tx,-1,10,16327,336,178,11.5197
node,141,tx,-1,10,16520,336,178,11.6875
rsu,10,tx,-1,0,16715,336,178,11.7488
rsu,15,tx,-1,0,17001,336,178,11.8319
node,579,tx,-1,9,17236,336,178,11.9756
node,393,tx,-1,12,17463,336,178,12.1271
node,675,tx,-1,3,17617,336,178,12.1609
node,471,tx,-1,10,17827,336,178,12.1882
rsu,15,rx,-1,0,17827,336,178,12.1883
node,177,tx,-1,12,18008,336,178,12.486
rsu,10,tx,-1,0,18218,336,178,12.7488
rsu,15,tx,-1,0,18503,336,178,12.8319
node,597,tx,-1,11,18741,336,178,13.3683
node,195,tx,-1,12,18942,336,178,13.5253
rsu,10,tx,-1,0,19108,336,178,13.7488
rsu,15,tx,-1,0,19394,336,178,13.8319
node,63,tx,-1,8,19629,336,178,14.0204
node,369,tx,-1,11,19809,336,178,14.1882
node,669,tx,-1,2,19999,336,178,14.4012
rsu,10,rx,-1,0,19999,336,178,14.4013
rsu,10,tx,-1,0,20181,336,178,14.7488
rsu,15,tx,-1,0,20473,336,178,14.8319
node,525,tx,-1,0,20706,336,178,14.954
node,819,tx,-1,10,20909,336,178,14.9541
node,771,tx,-1,9,21343,336,178,15.7151
rsu,10,rx,-1,0,21343,336,178,15.7152
node,273,tx,-1,4,21557,336,178,15.7166
rsu,10,tx,-1,0,21711,336,178,15.7488
rsu,15,tx,-1,0,22000,336,178,15.8319
node,585,tx,-1,6,22232,336,178,16.3363
node,441,tx,-1,6,22404,336,178,16.3937
node,201,tx,-1,11,22602,336,178,16.404
rsu,10,rx,-1,0,22602,336,178,16.4041
rsu,10,tx,-1,0,22795,336,178,16.7488
rsu,15,tx,-1,0,23085,336,178,16.8319
node,573,tx,-1,11,27164,336,178,17.1444
rsu,15,rx,-1,0,27164,336,178,17.1445
node,567,tx,-1,4,27588,336,178,17.1709
node,51,tx,-1,11,27986,336,178,17.2763
rsu,15,rx,-1,0,27986,336,178,17.2764
node,549,tx,-1,11,28191,336,178,17.283
node,261,tx,-1,7,28345,336,178,17.3176
rsu,10,rx,-1,0,28345,336,178,17.3177
node,429,tx,-1,11,28577,336,178,17.4113
node,189,tx,-1,0,28753,336,178,17.6955
rsu,10,tx,-1,0,28960,336,178,17.7488
rsu,15,tx,-1,0,29248,336,178,17.8319
node,345,tx,-1,10,29483,336,178,18.1909
node,477,tx,-1,11,29668,336,178,18.2133
rsu,10,rx,-1,0,29668,336,178,18.2134
node,459,tx,-1,10,29883,336,178,18.2162
node,57,tx,-1,11,30098,336,178,18.517
node,387,tx,-1,12,30277,336,178,18.6804
rsu,10,tx,-1,0,30452,336,178,18.7488
node,723,tx,-1,10,30722,336,178,18.7981
rsu,15,tx,-1,0,30915,336,178,18.8319
node,135,tx,-1,12,31146,336,178,18.8632
node,483,tx,-1,10,31300,336,178,18.8798
node,423,tx,-1,3,33706,336,178,19.0949
rsu,10,rx,-1,0,33706,336,178,19.095
node,255,tx,-1,10,38869,336,178,19.1844
rsu,10,rx,-1,0,38869,336,178,19.1845
node,513,tx,-1,7,43454,336,178,19.2962
node,735,tx,-1,9,43663,336,178,19.3672
node,39,tx,-1,2,43851,336,178,19.3758
rsu,10,tx,-1,0,44088,336,178,19.7488
rsu,15,tx,-1,0,44365,336,178,19.8319
node,153,tx,-1,4,44589,336,178,20.1385
node,315,tx,-1,11,44797,336,178,20.3522
node,729,tx,-1,5,44992,336,178,20.3568
rsu,10,tx,-1,0,45192,336,178,20.7488
rsu,15,tx,-1,0,45464,336,178,20.8319
node,219,tx,-1,1,45683,336,178,20.9397
node,27,tx,-1,12,58961,336,178,21.5608
node,741,tx,-1,11,59107,336,178,21.621
rsu,10,rx,-1,0,59107,336,178,21.6211
node,807,tx,-1,7,59313,336,178,21.6972
rsu,10,tx,-1,0,59495,336,178,21.7488
rsu,15,tx,-1,0,59768,336,178,21.8319
node,759,tx,-1,12,59988,336,178,21.8892
node,801,tx,-1,10,60186,336,178,22.07
node,837,tx,-1,6,60366,336,178,22.1034
rsu,15,rx,-1,0,60366,336,178,22.1035
node,357,tx,-1,7,60576,336,178,22.2655
rsu,10,rx,-1,0,60576,336,178,22.2656
node,495,tx,-1,9,60783,336,178,22.2984
node,603,tx,-1,2,60955,336,178,22.7044
rsu,10,rx,-1,0,60955,336,178,22.7046
rsu,10,tx,-1,0,61183,336,178,22.7488
node,537,tx,-1,11,61457,336,178,22.783
node,45,tx,-1,11,61638,336,178,22.8231
rsu,15,tx,-1,0,61819,336,178,22.8319
node,363,tx,-1,10,64529,336,178,23.3258
node,303,tx,-1,8,65146,336,178,23.3381
rsu,10,rx,-1,0,65146,336,178,23.3382
node,747,tx,-1,5,66853,336,178,23.7186
rsu,10,tx,-1,0,67056,336,178,23.7488
rsu,15,tx,-1,0,67329,336,178,23.8319
node,375,tx,-1,10,67551,336,178,23.9312
node,765,tx,-1,11,67747,336,178,24.0683
node,171,tx,-1,11,67936,336,178,24.2149
node,753,tx,-1,10,68114,336,178,24.5314
node,657,tx,-1,9,68291,336,178,24.5899
rsu,10,tx,-1,0,68472,336,178,24.7488
rsu,15,tx,-1,0,68743,336,178,24.8319
node,783,tx,-1,1,68955,336,178,24.8984
rsu,10,rx,-1,0,68955,336,178,24.8986
node,75,tx,-1,11,69205,336,178,25.1567
node,645,tx,-1,7,69717,336,178,25.6124
rsu,15,rx,-1,0,69717,336,178,25.6126
node,129,tx,-1,11,69931,336,178,25.6332
node,795,tx,-1,12,70124,336,178,25.7261
rsu,10,tx,-1,0,70314,336,178,25.7488
rsu,15,tx,-1,0,70578,336,178,25.8319
node,93,tx,-1,11,70787,336,178,25.8604
node,507,tx,-1,10,70954,336,178,25.8821
node,243,tx,-1,10,71130,336,178,26.0671
rsu,15,rx,-1,0,71130,336,178,26.0672
node,285,tx,-1,2,71327,336,178,26.3238
node,453,tx,-1,10,71513,336,178,26.4629
node,249,tx,-1,8,71691,336,178,26.618
rsu,10,tx,-1,0,71872,336,178,26.7488
rsu,15,tx,-1,0,72138,336,178,26.8319
node,231,tx,-1,7,72352,336,178,26.9947
node,699,tx,-1,3,72521,336,178,27.0565
rsu,10,rx,-1,0,72521,336,178,27.0566
node,123,tx,-1,10,72747,336,178,27.2723
node,117,tx,-1,11,72924,336,178,27.5181
rsu,10,rx,-1,0,72924,336,178,27.5182
node,291,tx,-1,9,73134,336,178,27.5748
rsu,10,rx,-1,0,73134,336,178,27.5749
rsu,10,tx,-1,0,73338,336,178,27.7488
rsu,15,tx,-1,0,73607,336,178,27.8319
node,519,tx,-1,5,73820,336,178,27.8713
node,693,tx,-1,1,73993,336,178,27.9407
node,447,tx,-1,12,74159,336,178,27.9564
rsu,10,rx,-1,0,74159,336,178,27.9565
node,327,tx,-1,7,74396,336,178,28.1399
node,81,tx,-1,6,74608,336,178,28.2595
node,543,tx,-1,5,74800,336,178,28.4075
rsu,10,tx,-1,0,75005,336,178,28.7488
node,333,tx,-1,10,75282,336,178,28.7607
rsu,15,tx,-1,0,75481,336,178,28.8319
rsu,10,tx,-1,0,75701,336,178,29.7488
rsu,15,tx,-1,0,75986,336,178,29.8319
node,309,tx,-1,12,76211,336,178,29.8659
node,663,tx,-1,10,76398,336,178,29.917
node,237,tx,-1,5,76556,336,178,30.3124
node,609,tx,-1,10,76756,336,178,30.6675
rsu,10,tx,-1,0,76925,336,178,30.7488
rsu,15,tx,-1,0,77209,336,178,30.8319
node,813,tx,-1,12,77430,336,178,31.6027
node,555,tx,-1,12,77607,336,178,31.733
rsu,10,tx,-1,0,77797,336,178,31.7488
node,531,tx,-1,0,78077,336,178,31.7579
rsu,10,rx,-1,0,78077,336,178,31.758
rsu,15,tx,-1,0,78241,336,178,31.8319
node,399,tx,-1,0,78462,336,178,31.9205
node,351,tx,-1,6,78718,336,178,32.1392
node,159,tx,-1,11,78909,336,178,32.1785
rsu,10,tx,-1,0,79114,336,178,32.7488
node,705,tx,-1,2,79382,336,178,32.7647
rsu,15,tx,-1,0,79551,336,178,32.8319
node,69,tx,-1,10,79769,336,178,32.9669
rsu,10,rx,-1,0,79769,336,178,32.967
node,831,tx,-1,2,79974,336,178,33.1933
node,405,tx,-1,11,80134,336,178,33.3117
rsu,15,rx,-1,0,80134,336,178,33.3118
node,165,tx,-1,11,80368,336,178,33.3938
rsu,10,tx,-1,0,80592,336,178,33.7488
node,489,tx,-1,10,80864,336,178,33.8032
rsu,15,tx,-1,0,81047,336,178,33.8319
node,789,tx,-1,12,81265,336,178,34.1461
node,99,tx,-1,12,81446,336,178,34.6586
rsu,10,tx,-1,0,81682,336,178,34.7488
rsu,15,tx,-1,0,81955,336,178,34.8319
node,339,tx,-1,0,82173,336,178,35.1212
node,777,tx,-1,11,82367,336,178,35.1487
rsu,10,tx,-1,0,82548,336,178,35.7488
node,279,tx,-1,2,82829,336,178,35.7758
rsu,15,tx,-1,0,82986,336,178,35.8319
node,411,tx,-1,8,83208,336,178,36.0422
node,435,tx,-1,11,83425,336,178,36.2813
rsu,10,tx,-1,0,83612,336,178,36.7488
node,651,tx,-1,12,83890,336,178,36.7976
rsu,15,tx,-1,0,84060,336,178,36.8319
node,105,tx,-1,11,84282,336,178,36.9684
node,417,tx,-1,0,84458,336,178,37.2879
node,591,tx,-1,12,84672,336,178,37.2892
rsu,10,rx,-1,0,84672,336,178,37.2893
node,381,tx,-1,12,84889,336,178,37.3664
node,825,tx,-1,1,85071,336,178,37.4081
rsu,10,tx,-1,0,85259,336,178,37.7488
rsu,15,tx,-1,0,85540,336,178,37.8319
node,633,tx,-1,11,85772,336,178,38.1373
node,321,tx,-1,1,85948,336,178,38.4584
node,147,tx,-1,7,86093,336,178,38.5412
rsu,15,rx,-1,0,86093,336,178,38.5413
rsu,10,tx,-1,0,86300,336,178,38.7488
rsu,15,tx,-1,0,86580,336,178,38.8319
node,639,tx,-1,12,86808,336,178,38.9021
node,21,tx,-1,1,86964,336,178,38.967
node,621,tx,-1,12,87169,336,178,39.092
node,561,tx,-1,11,87372,336,178,39.2288
node,207,tx,-1,10,87521,336,178,39.4944
rsu,15,rx,-1,0,87521,336,178,39.4946
node,627,tx,-1,11,87755,336,178,39.6476
rsu,10,tx,-1,0,87942,336,178,39.7488
node,225,tx,-1,12,88214,336,178,39.7839
rsu,15,tx,-1,0,88396,336,178,39.8319
node,501,tx,-1,5,88624,336,178,39.8611
rsu,10,rx,-1,0,88624,336,178,39.8612
node,213,tx,-1,0,88881,336,178,40.0919
node,717,tx,-1,0,89130,336,178,40.1372
rsu,10,rx,-1,0,89130,336,178,40.1373
node,711,tx,-1,0,89358,336,178,40.1396
node,111,tx,-1,0,89547,336,178,40.2933
node,615,tx,-1,10,89795,336,178,40.4172
rsu,15,rx,-1,0,89795,336,178,40.4173
node,687,tx,-1,10,89980,336,178,40.4736
node,681,tx,-1,10,90152,336,178,40.6343
rsu,10,tx,-1,0,90339,336,178,40.7488
rsu,15,tx,-1,0,90612,336,178,40.8319
node,87,tx,-1,11,90844,336,178,41.065
rsu,10,rx,-1,0,90844,336,178,41.0651
node,33,tx,-1,10,91067,336,178,41.0821
node,465,tx,-1,12,91255,336,178,41.1604
node,183,tx,-1,10,91438,336,178,41.3904
rsu,15,rx,-1,0,91438,336,178,41.3905
node,267,tx,-1,2,91660,336,178,41.5197
node,141,tx,-1,7,91852,336,178,41.6875
rsu,10,tx,-1,0,92012,336,178,41.7488
rsu,15,tx,-1,0,92287,336,178,41.8319
node,579,tx,-1,12,92523,336,178,41.9756
rsu,10,rx,-1,0,92523,336,178,41.9757
node,393,tx,-1,11,92753,336,178,42.1271
node,675,tx,-1,10,92928,336,178,42.1609
node,471,tx,-1,12,93112,336,178,42.1882
node,177,tx,-1,11,93293,336,178,42.486
rsu,10,tx,-1,0,93471,336,178,42.7488
rsu,15,tx,-1,0,93747,336,178,42.8319
node,597,tx,-1,7,93993,336,178,43.3683
rsu,10,rx,-1,0,93993,336,178,43.3684
node,195,tx,-1,9,94220,336,178,43.5253
rsu,10,tx,-1,0,94389,336,178,43.7488
rsu,15,tx,-1,0,94667,336,178,43.8319
node,63,tx,-1,0,94910,336,178,44.0204
node,369,tx,-1,3,95079,336,178,44.1882
rsu,15,rx,-1,0,95079,336,178,44.1883
node,669,tx,-1,0,95357,336,178,44.4012
rsu,10,rx,-1,0,95357,336,178,44.4013
rsu,10,tx,-1,0,95530,336,178,44.7488
rsu,15,tx,-1,0,95809,336,178,44.8319
node,525,tx,-1,2,96053,336,178,44.954
node,819,tx,-1,7,96216,336,178,44.9541
node,771,tx,-1,11,96433,336,178,45.7151
node,273,tx,-1,0,96625,336,178,45.7166
rsu,10,tx,-1,0,96797,336,178,45.7488
rsu,15,tx,-1,0,97081,336,178,45.8319
node,585,tx,-1,11,97331,336,178,46.3363
node,441,tx,-1,8,97523,336,178,46.3937
rsu,15,rx,-1,0,97523,336,178,46.3938
node,201,tx,-1,5,97742,336,178,46.404
rsu,10,tx,-1,0,97905,336,178,46.7488
rsu,15,tx,-1,0,98186,336,178,46.8319
node,573,tx,-1,11,98422,336,178,47.1444
node,567,tx,-1,10,98613,336,178,47.1709
node,51,tx,-1,6,98765,336,178,47.2763
rsu,15,rx,-1,0,98765,336,178,47.2764
node,549,tx,-1,12,98998,336,178,47.283
node,261,tx,-1,12,99154,336,178,47.3176
node,429,tx,-1,11,99329,336,178,47.4113
node,189,tx,-1,10,99528,336,178,47.6955
rsu,10,tx,-1,0,99734,336,178,47.7488
rsu,15,tx,-1,0,100011,336,178,47.8319
node,345,tx,-1,10,100246,336,178,48.1909
rsu,10,rx,-1,0,100246,336,178,48.191
node,477,tx,-1,12,100481,336,178,48.2133
rsu,10,rx,-1,0,100481,336,178,48.2134
node,459,tx,-1,8,100703,336,178,48.2162
rsu,15,rx,-1,0,100703,336,178,48.2163
node,57,tx,-1,0,100929,336,178,48.517
node,387,tx,-1,9,101121,336,178,48.6804
rsu,10,tx,-1,0,101300,336,178,48.7488
node,723,tx,-1,4,101574,336,178,48.7981
rsu,15,tx,-1,0,101764,336,178,48.8319
node,135,tx,-1,11,101999,336,178,48.8632
node,483,tx,-1,12,102177,336,178,48.8798
node,423,tx,-1,11,102368,336,178,49.0949
node,255,tx,-1,12,102576,336,178,49.1844
rsu,10,rx,-1,0,102576,336,178,49.1845
node,513,tx,-1,11,102847,336,178,49.2962
node,735,tx,-1,5,103021,336,178,49.3672
rsu,10,rx,-1,0,103021,336,178,49.3673
node,39,tx,-1,5,103293,336,178,49.3758
rsu,10,tx,-1,0,103529,336,178,49.7488
rsu,15,tx,-1,0,103807,336,178,49.8319
node,153,tx,-1,11,104049,336,178,50.1385
node,315,tx,-1,0,104244,336,178,50.3522
rsu,15,rx,-1,0,104244,336,178,50.3523
node,729,tx,-1,7,104507,336,178,50.3568
rsu,10,rx,-1,0,104507,336,178,50.3569
rsu,10,tx,-1,0,104699,336,178,50.7488
rsu,15,tx,-1,0,104973,336,178,50.8319
node,219,tx,-1,11,105212,336,178,50.9397
rsu,10,rx,-1,0,105212,336,178,50.9398
node,27,tx,-1,6,105440,336,178,51.5608
node,741,tx,-1,10,105630,336,178,51.621
rsu,15,rx,-1,0,105630,336,178,51.6211
node,807,tx,-1,6,105859,336,178,51.6972
rsu,10,tx,-1,0,106073,336,178,51.7488
rsu,15,tx,-1,0,106345,336,178,51.8319
node,759,tx,-1,12,106580,336,178,51.8892
node,801,tx,-1,12,106771,336,178,52.07
node,837,tx,-1,5,106946,336,178,52.1034
rsu,15,rx,-1,0,106946,336,178,52.1035
node,357,tx,-1,4,107161,336,178,52.2655
rsu,10,rx,-1,0,107161,336,178,52.2656
node,495,tx,-1,10,107420,336,178,52.2984
node,603,tx,-1,11,107576,336,178,52.7044
rsu,10,rx,-1,0,107576,336,178,52.7046
rsu,10,tx,-1,0,107792,336,178,52.7488
node,537,tx,-1,3,108056,336,178,52.783
rsu,10,rx,-1,0,108056,336,178,52.7831
node,45,tx,-1,10,108301,336,178,52.8231
rsu,15,tx,-1,0,108465,336,178,52.8319
node,363,tx,-1,12,108705,336,178,53.3258
node,303,tx,-1,6,108888,336,178,53.3381
node,747,tx,-1,11,109035,336,178,53.7186
rsu,10,tx,-1,0,109235,336,178,53.7488
rsu,15,tx,-1,0,109502,336,178,53.8319
node,375,tx,-1,12,109733,336,178,53.9312
node,765,tx,-1,10,109936,336,178,54.0683
node,171,tx,-1,8,110087,336,178,54.2149
node,753,tx,-1,7,110283,336,178,54.5314
node,657,tx,-1,10,110456,336,178,54.5899
rsu,10,tx,-1,0,110658,336,178,54.7488
rsu,15,tx,-1,0,110911,336,178,54.8319
node,783,tx,-1,12,111143,336,178,54.8984
node,75,tx,-1,0,111345,336,178,55.1567
rsu,15,rx,-1,0,111345,336,178,55.1568
node,645,tx,-1,12,111520,336,178,55.6124
node,129,tx,-1,8,111691,336,178,55.6332
node,795,tx,-1,12,111909,336,178,55.7261
rsu,10,tx,-1,0,112110,336,178,55.7488
rsu,15,tx,-1,0,112369,336,178,55.8319
node,93,tx,-1,12,112595,336,178,55.8604
node,507,tx,-1,6,112785,336,178,55.8821
rsu,15,rx,-1,0,112785,336,178,55.8822
node,243,tx,-1,12,113030,336,178,56.0671
node,285,tx,-1,2,113207,336,178,56.3238
node,453,tx,-1,11,113374,336,178,56.4629
rsu,10,rx,-1,0,113374,336,178,56.463
node,249,tx,-1,6,113596,336,178,56.618
rsu,10,tx,-1,0,113847,336,178,56.7488
rsu,15,tx,-1,0,114105,336,178,56.8319
node,231,tx,-1,3,114335,336,178,56.9947
node,699,tx,-1,11,114505,336,178,57.0565
node,117,tx,-1,9,114713,336,178,57.5181
node,291,tx,-1,11,114905,336,178,57.5748
rsu,10,tx,-1,0,115131,336,178,57.7488
rsu,15,tx,-1,0,115381,336,178,57.8319
node,519,tx,-1,5,115599,336,178,57.8713
node,693,tx,-1,7,115768,336,178,57.9407
rsu,10,rx,-1,0,115768,336,178,57.9408
node,447,tx,-1,0,115966,336,178,57.9564
rsu,10,rx,-1,0,115966,336,178,57.9565
node,327,tx,-1,8,116154,336,178,58.1399
node,81,tx,-1,6,116350,336,178,58.2595
node,543,tx,-1,6,116526,336,178,58.4075
rsu,10,tx,-1,0,116718,336,178,58.7488
node,333,tx,-1,6,116971,336,178,58.7607
rsu,15,tx,-1,0,117160,336,178,58.8319
rsu,10,tx,-1,0,117381,336,178,59.7488
rsu,15,tx,-1,0,117637,336,178,59.8319
node,309,tx,-1,9,117862,336,178,59.8659
node,663,tx,-1,3,118048,336,178,59.917
rsu,15,rx,-1,0,118048,336,178,59.9171
node,237,tx,-1,10,118274,336,178,60.3124
node,609,tx,-1,2,118459,336,178,60.6675
rsu,10,tx,-1,0,118652,336,178,60.7488
rsu,15,tx,-1,0,118901,336,178,60.8319
node,813,tx,-1,5,119120,336,178,61.6027
node,555,tx,-1,10,119331,336,178,61.733
rsu,10,tx,-1,0,119530,336,178,61.7488
node,531,tx,-1,9,119774,336,178,61.7579
rsu,10,rx,-1,0,119774,336,178,61.758
rsu,15,tx,-1,0,119971,336,178,61.8319
node,399,tx,-1,10,120184,336,178,61.9205
node,351,tx,-1,6,120372,336,178,62.1392
node,159,tx,-1,10,120550,336,178,62.1785
rsu,10,tx,-1,0,120733,336,178,62.7488
node,705,tx,-1,2,120982,336,178,62.7647
rsu,15,tx,-1,0,121138,336,178,62.8319
node,69,tx,-1,1,121355,336,178,62.9669
rsu,10,rx,-1,0,121355,336,178,62.967
node,831,tx,-1,4,121559,336,178,63.1933
node,405,tx,-1,11,121725,336,178,63.3117
rsu,15,rx,-1,0,121725,336,178,63.3118
node,165,tx,-1,10,121892,336,178,63.3938
rsu,10,tx,-1,0,122068,336,178,63.7488
rsu,15,tx,-1,0,122320,336,178,63.8319
node,789,tx,-1,1,122538,336,178,64.1461
node,99,tx,-1,12,122725,336,178,64.6586
rsu,10,tx,-1,0,122927,336,178,64.7488
rsu,15,tx,-1,0,123172,336,178,64.8319
node,777,tx,-1,12,123386,336,178,65.1487
rsu,10,tx,-1,0,123554,336,178,65.7488
node,279,tx,-1,0,123803,336,178,65.7758
rsu,15,tx,-1,0,123959,336,178,65.8319
node,411,tx,-1,11,124175,336,178,66.0422
node,435,tx,-1,12,124334,336,178,66.2813
rsu,10,tx,-1,0,124534,336,178,66.7488
node,651,tx,-1,12,124792,336,178,66.7976
rsu,15,tx,-1,0,124944,336,178,66.8319
node,105,tx,-1,10,125163,336,178,66.9684
node,417,tx,-1,9,125393,336,178,67.2879
node,591,tx,-1,4,125587,336,178,67.2892
node,381,tx,-1,10,125823,336,178,67.3664
node,825,tx,-1,1,125998,336,178,67.4081
rsu,10,tx,-1,0,126168,336,178,67.7488
rsu,15,tx,-1,0,126426,336,178,67.8319
node,633,tx,-1,12,126642,336,178,68.1373
node,321,tx,-1,2,126795,336,178,68.4584
node,147,tx,-1,11,126933,336,178,68.5412
rsu,10,tx,-1,0,127133,336,178,68.7488
rsu,15,tx,-1,0,127390,336,178,68.8319
node,21,tx,-1,10,127605,336,178,68.967
node,621,tx,-1,12,127793,336,178,69.092
node,561,tx,-1,11,127975,336,178,69.2288
node,207,tx,-1,11,128161,336,178,69.4944
node,627,tx,-1,10,128327,336,178,69.6476
rsu,10,tx,-1,0,128504,336,178,69.7488
node,225,tx,-1,9,128763,336,178,69.7839
rsu,15,tx,-1,0,128949,336,178,69.8319
node,501,tx,-1,11,129168,336,178,69.8611
rsu,10,rx,-1,0,129168,336,178,69.8612
node,213,tx,-1,12,129380,336,178,70.0919
rsu,15,rx,-1,0,129380,336,178,70.092
node,717,tx,-1,0,129584,336,178,70.1372
rsu,10,rx,-1,0,129584,336,178,70.1373
node,711,tx,-1,2,129793,336,178,70.1396
node,111,tx,-1,12,129958,336,178,70.2933
node,615,tx,-1,9,130130,336,178,70.4172
rsu,15,rx,-1,0,130130,336,178,70.4173
node,687,tx,-1,12,130300,336,178,70.4736
node,681,tx,-1,5,130438,336,178,70.6343
rsu,15,rx,-1,0,130438,336,178,70.6344
rsu,10,tx,-1,0,130684,336,178,70.7488
rsu,15,tx,-1,0,130945,336,178,70.8319
node,87,tx,-1,0,131165,336,178,71.065
rsu,10,rx,-1,0,131165,336,178,71.0651
node,33,tx,-1,8,131355,336,178,71.0821
rsu,15,rx,-1,0,131355,336,178,71.0823
node,465,tx,-1,11,131611,336,178,71.1604
node,183,tx,-1,10,131792,336,178,71.3904
node,267,tx,-1,11,131982,336,178,71.5197
node,141,tx,-1,7,132179,336,178,71.6875
rsu,10,tx,-1,0,132342,336,178,71.7488
rsu,15,tx,-1,0,132600,336,178,71.8319
node,579,tx,-1,11,132821,336,178,71.9756
node,393,tx,-1,12,132989,336,178,72.1271
node,675,tx,-1,0,133137,336,178,72.1609
node,471,tx,-1,6,133360,336,178,72.1882
rsu,15,rx,-1,0,133360,336,178,72.1883
node,177,tx,-1,11,133595,336,178,72.486
rsu,10,tx,-1,0,133793,336,178,72.7488
rsu,15,tx,-1,0,134055,336,178,72.8319
node,597,tx,-1,6,134286,336,178,73.3683
rsu,15,rx,-1,0,134286,336,178,73.3684
node,195,tx,-1,12,134539,336,178,73.5253
rsu,10,tx,-1,0,134701,336,178,73.7488
rsu,15,tx,-1,0,134951,336,178,73.8319
node,63,tx,-1,12,135175,336,178,74.0204
rsu,10,rx,-1,0,135175,336,178,74.0205
node,369,tx,-1,10,135379,336,178,74.1882
node,669,tx,-1,11,135572,336,178,74.4012
rsu,10,rx,-1,0,135572,336,178,74.4013
rsu,10,tx,-1,0,135768,336,178,74.7488
rsu,15,tx,-1,0,136024,336,178,74.8319
node,525,tx,-1,0,136253,336,178,74.954
node,771,tx,-1,12,136403,336,178,75.7151
node,273,tx,-1,12,136599,336,178,75.7166
rsu,10,rx,-1,0,136599,336,178,75.7167
rsu,10,tx,-1,0,136828,336,178,75.7488
rsu,15,tx,-1,0,137084,336,178,75.8319
node,585,tx,-1,11,137311,336,178,76.3363
node,441,tx,-1,12,137509,336,178,76.3937
rsu,15,rx,-1,0,137509,336,178,76.3938
node,201,tx,-1,2,137673,336,178,76.404
rsu,10,tx,-1,0,137832,336,178,76.7488
rsu,15,tx,-1,0,138091,336,178,76.8319
node,573,tx,-1,12,138322,336,178,77.1444
node,567,tx,-1,9,138511,336,178,77.1709
node,51,tx,-1,12,138655,336,178,77.2763
rsu,15,rx,-1,0,138655,336,178,77.2764
node,549,tx,-1,12,138818,336,178,77.283
node,261,tx,-1,11,138969,336,178,77.3176
node,429,tx,-1,12,139151,336,178,77.4113
node,189,tx,-1,11,139311,336,178,77.6955
rsu,10,tx,-1,0,139526,336,178,77.7488
rsu,15,tx,-1,0,139797,336,178,77.8319
node,345,tx,-1,0,140035,336,178,78.1909
rsu,10,rx,-1,0,140035,336,178,78.191
node,477,tx,-1,8,140243,336,178,78.2133
rsu,10,rx,-1,0,140243,336,178,78.2134
node,459,tx,-1,7,140476,336,178,78.2162
rsu,15,rx,-1,0,140476,336,178,78.2163
node,57,tx,-1,12,140703,336,178,78.517
node,387,tx,-1,10,140851,336,178,78.6804
rsu,10,tx,-1,0,141030,336,178,78.7488
node,723,tx,-1,11,141298,336,178,78.7981
rsu,15,tx,-1,0,141477,336,178,78.8319
node,135,tx,-1,9,141714,336,178,78.8632
rsu,15,rx,-1,0,141714,336,178,78.8633
node,483,tx,-1,0,141878,336,178,78.8798
node,255,tx,-1,11,142110,336,178,79.1844
node,513,tx,-1,10,142249,336,178,79.2962
node,735,tx,-1,10,142439,336,178,79.3672
node,39,tx,-1,11,142597,336,178,79.3758
rsu,10,tx,-1,0,142786,336,178,79.7488
rsu,15,tx,-1,0,143046,336,178,79.8319
node,153,tx,-1,0,143280,336,178,80.1385
node,315,tx,-1,0,143469,336,178,80.3522
rsu,15,rx,-1,0,143469,336,178,80.3523
node,729,tx,-1,11,143695,336,178,80.3568
rsu,10,rx,-1,0,143695,336,178,80.3569
rsu,10,tx,-1,0,143896,336,178,80.7488
rsu,15,tx,-1,0,144154,336,178,80.8319
node,219,tx,-1,9,144385,336,178,80.9397
node,27,tx,-1,11,144558,336,178,81.5608
node,807,tx,-1,12,144705,336,178,81.6972
rsu,10,tx,-1,0,144909,336,178,81.7488
rsu,15,tx,-1,0,145166,336,178,81.8319
node,759,tx,-1,12,145399,336,178,81.8892
node,801,tx,-1,11,145554,336,178,82.07
node,837,tx,-1,5,145752,336,178,82.1034
rsu,15,rx,-1,0,145752,336,178,82.1035
node,357,tx,-1,9,145964,336,178,82.2655
node,495,tx,-1,12,146146,336,178,82.2984
rsu,10,rx,-1,0,146146,336,178,82.2986
node,603,tx,-1,0,146316,336,178,82.7044
rsu,10,rx,-1,0,146316,336,178,82.7046
rsu,10,tx,-1,0,146511,336,178,82.7488
node,537,tx,-1,12,146767,336,178,82.783
node,45,tx,-1,1,146922,336,178,82.8231
rsu,15,tx,-1,0,147111,336,178,82.8319
node,363,tx,-1,5,147340,336,178,83.3258
node,303,tx,-1,0,147534,336,178,83.3381
rsu,10,tx,-1,0,147684,336,178,83.7488
rsu,15,tx,-1,0,147940,336,178,83.8319
node,375,tx,-1,12,148172,336,178,83.9312
node,765,tx,-1,11,148348,336,178,84.0683
node,171,tx,-1,5,148528,336,178,84.2149
node,753,tx,-1,10,148762,336,178,84.5314
node,657,tx,-1,11,148949,336,178,84.5899
rsu,15,rx,-1,0,148949,336,178,84.59
rsu,10,tx,-1,0,149108,336,178,84.7488
rsu,15,tx,-1,0,149364,336,178,84.8319
node,783,tx,-1,11,149597,336,178,84.8984
node,75,tx,-1,0,149788,336,178,85.1567
node,645,tx,-1,8,149961,336,178,85.6124
rsu,15,rx,-1,0,149961,336,178,85.6126
node,129,tx,-1,11,150217,336,178,85.6332
node,795,tx,-1,7,150412,336,178,85.7261
rsu,10,tx,-1,0,150615,336,178,85.7488
rsu,15,tx,-1,0,150867,336,178,85.8319
node,93,tx,-1,0,151092,336,178,85.8604
node,243,tx,-1,11,151282,336,178,86.0671
node,285,tx,-1,12,151471,336,178,86.3238
node,453,tx,-1,0,151630,336,178,86.4629
rsu,15,rx,-1,0,151630,336,178,86.463
node,249,tx,-1,8,151858,336,178,86.618
rsu,15,rx,-1,0,151858,336,178,86.6181
rsu,10,tx,-1,0,152123,336,178,86.7488
rsu,15,tx,-1,0,152384,336,178,86.8319
node,231,tx,-1,12,152613,336,178,86.9947
rsu,10,rx,-1,0,152613,336,178,86.9949
node,699,tx,-1,11,152788,336,178,87.0565
node,117,tx,-1,9,152975,336,178,87.5181
node,291,tx,-1,6,153141,336,178,87.5748
rsu,10,tx,-1,0,153325,336,178,87.7488
rsu,15,tx,-1,0,153591,336,178,87.8319
node,519,tx,-1,10,153817,336,178,87.8713
rsu,10,rx,-1,0,153817,336,178,87.8714
node,693,tx,-1,0,153996,336,178,87.9407
rsu,10,rx,-1,0,153996,336,178,87.9408
node,447,tx,-1,0,154201,336,178,87.9564
rsu,10,rx,-1,0,154201,336,178,87.9565
node,327,tx,-1,0,154396,336,178,88.1399
node,81,tx,-1,12,154563,336,178,88.2595
node,543,tx,-1,1,154713,336,178,88.4075
rsu,10,tx,-1,0,154902,336,178,88.7488
rsu,15,tx,-1,0,155172,336,178,88.8319
rsu,10,tx,-1,0,155402,336,178,89.7488
rsu,15,tx,-1,0,155672,336,178,89.8319
node,309,tx,-1,8,155898,336,178,89.8659
node,663,tx,-1,12,156080,336,178,89.917
node,237,tx,-1,0,156231,336,178,90.3124
node,609,tx,-1,0,156418,336,178,90.6675
rsu,10,tx,-1,0,156595,336,178,90.7488
rsu,15,tx,-1,0,156868,336,178,90.8319
node,813,tx,-1,5,157091,336,178,91.6027
node,555,tx,-1,9,157327,336,178,91.733
rsu,10,tx,-1,0,157513,336,178,91.7488
node,531,tx,-1,10,157785,336,178,91.7579
rsu,15,tx,-1,0,157924,336,178,91.8319
node,399,tx,-1,11,158153,336,178,91.9205
node,351,tx,-1,1,158320,336,178,92.1392
node,159,tx,-1,1,158502,336,178,92.1785
rsu,10,tx,-1,0,158707,336,178,92.7488
node,705,tx,-1,0,158971,336,178,92.7647
rsu,15,tx,-1,0,159116,336,178,92.8319
node,69,tx,-1,1,159331,336,178,92.9669
rsu,10,rx,-1,0,159331,336,178,92.967
node,831,tx,-1,11,159556,336,178,93.1933
rsu,10,rx,-1,0,159556,336,178,93.1934
node,405,tx,-1,9,159761,336,178,93.3117
node,165,tx,-1,4,159909,336,178,93.3938
rsu,10,tx,-1,0,160097,336,178,93.7488
rsu,15,tx,-1,0,160364,336,178,93.8319
node,789,tx,-1,2,160578,336,178,94.1461
node,99,tx,-1,4,160762,336,178,94.6586
rsu,10,tx,-1,0,160940,336,178,94.7488
rsu,15,tx,-1,0,161198,336,178,94.8319
node,777,tx,-1,9,161408,336,178,95.1487
rsu,10,tx,-1,0,161573,336,178,95.7488
node,279,tx,-1,11,161829,336,178,95.7758
rsu,15,tx,-1,0,162012,336,178,95.8319
node,411,tx,-1,2,162219,336,178,96.0422
node,435,tx,-1,4,162411,336,178,96.2813
rsu,15,rx,-1,0,162411,336,178,96.2814
rsu,10,tx,-1,0,162625,336,178,96.7488
node,651,tx,-1,6,162879,336,178,96.7976
rsu,15,tx,-1,0,163023,336,178,96.8319
node,105,tx,-1,8,163235,336,178,96.9684
node,417,tx,-1,9,163427,336,178,97.2879
node,591,tx,-1,10,163556,336,178,97.2892
node,381,tx,-1,10,163756,336,178,97.3664
node,825,tx,-1,2,163916,336,178,97.4081
rsu,10,tx,-1,0,164057,336,178,97.7488
rsu,15,tx,-1,0,164310,336,178,97.8319
node,633,tx,-1,0,164521,336,178,98.1373
node,321,tx,-1,6,164677,336,178,98.4584
rsu,15,rx,-1,0,164677,336,178,98.4585
node,147,tx,-1,7,164837,336,178,98.5412
rsu,10,tx,-1,0,165024,336,178,98.7488
rsu,15,tx,-1,0,165276,336,178,98.8319
node,21,tx,-1,7,165491,336,178,98.967
node,621,tx,-1,6,165688,336,178,99.092
rsu,15,rx,-1,0,165688,336,178,99.0921
node,561,tx,-1,12,165890,336,178,99.2288
node,207,tx,-1,0,166058,336,178,99.4944
rsu,15,rx,-1,0,166058,336,178,99.4946
node,627,tx,-1,9,166320,336,178,99.6476
rsu,10,tx,-1,0,166518,336,178,99.7488
node,225,tx,-1,3,166770,336,178,99.7839
rsu,15,tx,-1,0,166941,336,178,99.8319
node,501,tx,-1,12,167161,336,178,99.8611
