rsu,10,tx,-1,0,30,336,178,0.00804695
rsu,15,tx,-1,0,42,336,178,0.149005
rsu,10,tx,-1,0,1830,336,178,1.00805
rsu,15,tx,-1,0,2126,336,178,1.14901
node,267,tx,-1,0,2388,336,178,1.63563
rsu,10,tx,-1,0,2586,336,178,2.00805
rsu,15,tx,-1,0,2887,336,178,2.14901
node,261,tx,-1,1,3152,336,178,2.577
rsu,10,rx,-1,0,3152,336,178,2.57711
node,537,tx,-1,2,3394,336,178,2.83425
rsu,10,rx,-1,0,3394,336,178,2.83435
rsu,10,tx,-1,0,3702,336,178,3.00805
rsu,15,tx,-1,0,4003,336,178,3.14901
rsu,10,tx,-1,0,4315,336,178,4.00805
rsu,15,tx,-1,0,4619,336,178,4.14901
node,201,tx,-1,2,4882,336,178,4.21567
rsu,10,rx,-1,0,4882,336,178,4.21578
rsu,10,tx,-1,0,5093,336,178,5.00805
rsu,15,tx,-1,0,5393,336,178,5.14901
rsu,10,tx,-1,0,5681,336,178,6.00805
rsu,15,tx,-1,0,5979,336,178,6.14901
node,297,tx,-1,6,6239,336,178,6.61452
node,411,tx,-1,6,6411,336,178,6.69422
rsu,15,rx,-1,0,6411,336,178,6.69433
rsu,10,tx,-1,0,6677,336,178,7.00805
rsu,15,tx,-1,0,6977,336,178,7.14901
node,489,tx,-1,7,7225,336,178,7.18554
node,171,tx,-1,9,7452,336,178,7.62144
rsu,10,tx,-1,0,7635,336,178,8.00805
rsu,15,tx,-1,0,7940,336,178,8.14901
rsu,10,tx,-1,0,8189,336,178,9.00805
node,165,tx,-1,9,8492,336,178,9.09077
rsu,15,tx,-1,0,8664,336,178,9.14901
node,213,tx,-1,9,8906,336,178,9.33498
rsu,10,tx,-1,0,9088,336,178,10.008
rsu,15,tx,-1,0,9378,336,178,10.149
rsu,10,tx,-1,0,9620,336,178,11.008
rsu,15,tx,-1,0,9904,336,178,11.149
node,603,tx,-1,10,10140,336,178,11.486
rsu,10,rx,-1,0,10140,336,178,11.4861
node,777,tx,-1,4,10357,336,178,11.7974
node,159,tx,-1,11,10560,336,178,11.8313
rsu,10,tx,-1,0,10753,336,178,12.008
rsu,15,tx,-1,0,11038,336,178,12.149
node,129,tx,-1,12,11273,336,178,12.923
node,315,tx,-1,11,11460,336,178,12.9776
rsu,10,tx,-1,0,11629,336,178,13.008
rsu,15,tx,-1,0,11925,336,178,13.149
node,741,tx,-1,11,12160,336,178,13.487
rsu,10,rx,-1,0,12160,336,178,13.4871
node,693,tx,-1,6,12375,336,178,13.8764
rsu,10,tx,-1,0,12548,336,178,14.008
rsu,15,tx,-1,0,12840,336,178,14.149
node,477,tx,-1,11,13074,336,178,14.218
rsu,10,rx,-1,0,13074,336,178,14.2181
rsu,10,tx,-1,0,13296,336,178,15.008
rsu,15,tx,-1,0,13588,336,178,15.149
node,735,tx,-1,11,13826,336,178,15.332
rsu,10,tx,-1,0,14283,336,178,16.008
rsu,15,tx,-1,0,14573,336,178,16.149
rsu,10,tx,-1,0,14815,336,178,17.008
rsu,15,tx,-1,0,15102,336,178,17.149
rsu,10,tx,-1,0,15345,336,178,18.008
rsu,15,tx,-1,0,18253,336,178,18.149
rsu,10,tx,-1,0,20697,336,178,19.008
rsu,15,tx,-1,0,20973,336,178,19.149
node,273,tx,-1,8,21201,336,178,19.5405
node,39,tx,-1,6,21366,336,178,19.9022
rsu,10,tx,-1,0,21586,336,178,20.008
rsu,15,tx,-1,0,24715,336,178,20.149
rsu,10,tx,-1,0,35234,336,178,21.008
rsu,15,tx,-1,0,36342,336,178,21.149
node,699,tx,-1,5,36744,336,178,21.2089
rsu,10,rx,-1,0,36744,336,178,21.209
rsu,10,tx,-1,0,36964,336,178,22.008
node,765,tx,-1,12,37238,336,178,22.0211
node,189,tx,-1,8,37832,336,178,22.1418
rsu,15,tx,-1,0,38019,336,178,22.149
rsu,10,tx,-1,0,47777,336,178,23.008
rsu,15,tx,-1,0,48314,336,178,23.149
node,219,tx,-1,10,48540,336,178,23.1911
node,711,tx,-1,0,48713,336,178,23.9963
rsu,10,tx,-1,0,48897,336,178,24.008
rsu,15,tx,-1,0,49167,336,178,24.149
node,63,tx,-1,6,49391,336,178,24.1833
node,69,tx,-1,5,53185,336,178,24.8571
rsu,10,tx,-1,0,53345,336,178,25.008
rsu,15,tx,-1,0,53607,336,178,25.149
rsu,10,tx,-1,0,53827,336,178,26.008
node,357,tx,-1,11,54091,336,178,26.0935
rsu,10,rx,-1,0,54091,336,178,26.0936
rsu,15,tx,-1,0,54295,336,178,26.149
node,675,tx,-1,0,55093,336,178,26.738
rsu,10,tx,-1,0,55304,336,178,27.008
rsu,15,tx,-1,0,55566,336,178,27.149
rsu,10,tx,-1,0,55779,336,178,28.008
rsu,15,tx,-1,0,56043,336,178,28.149
node,447,tx,-1,10,56263,336,178,28.4718
rsu,10,rx,-1,0,56263,336,178,28.4719
node,435,tx,-1,0,56804,336,178,28.9881
rsu,10,tx,-1,0,57015,336,178,29.008
rsu,15,tx,-1,0,57275,336,178,29.149
rsu,10,tx,-1,0,57494,336,178,30.008
rsu,15,tx,-1,0,57751,336,178,30.149
node,531,tx,-1,0,57964,336,178,30.3437
rsu,10,rx,-1,0,57964,336,178,30.3438
node,255,tx,-1,11,58129,336,178,30.7349
rsu,10,rx,-1,0,58129,336,178,30.735
rsu,10,tx,-1,0,58333,336,178,31.008
node,747,tx,-1,10,58588,336,178,31.0322
node,663,tx,-1,12,58773,336,178,31.1488
rsu,15,tx,-1,0,58931,336,178,31.149
node,795,tx,-1,7,59147,336,178,31.7158
rsu,10,rx,-1,0,59147,336,178,31.7159
rsu,10,tx,-1,0,59356,336,178,32.008
rsu,15,tx,-1,0,59622,336,178,32.149
rsu,10,tx,-1,0,59842,336,178,33.008
node,819,tx,-1,0,60104,336,178,33.0295
rsu,15,tx,-1,0,60345,336,178,33.149
node,105,tx,-1,11,60564,336,178,33.1692
node,21,tx,-1,4,60745,336,178,33.7708
node,831,tx,-1,12,60945,336,178,33.9795
rsu,10,tx,-1,0,61130,336,178,34.008
rsu,15,tx,-1,0,61396,336,178,34.149
node,807,tx,-1,10,61616,336,178,34.3627
node,375,tx,-1,11,61825,336,178,34.6765
node,441,tx,-1,12,61990,336,178,34.9162
rsu,10,tx,-1,0,62154,336,178,35.008
rsu,15,tx,-1,0,62421,336,178,35.149
node,321,tx,-1,0,62644,336,178,35.1827
rsu,10,tx,-1,0,62789,336,178,36.008
rsu,15,tx,-1,0,63055,336,178,36.149
node,249,tx,-1,12,63281,336,178,36.3451
node,555,tx,-1,10,63471,336,178,36.7907
node,207,tx,-1,12,63650,336,178,36.9628
rsu,15,rx,-1,0,63650,336,178,36.9629
rsu,10,tx,-1,0,63851,336,178,37.008
rsu,15,tx,-1,0,64119,336,178,37.149
node,759,tx,-1,6,64348,336,178,37.4304
rsu,15,rx,-1,0,64348,336,178,37.4305
rsu,10,tx,-1,0,64556,336,178,38.008
node,303,tx,-1,10,64827,336,178,38.1435
rsu,15,tx,-1,0,64982,336,178,38.149
node,483,tx,-1,12,65217,336,178,38.8101
node,783,tx,-1,1,65384,336,178,38.9385
node,579,tx,-1,10,65610,336,178,38.9973
rsu,10,tx,-1,0,65819,336,178,39.008
node,705,tx,-1,0,66094,336,178,39.0094
rsu,15,tx,-1,0,66283,336,178,39.149
node,345,tx,-1,12,66520,336,178,39.5712
node,609,tx,-1,11,66700,336,178,39.6372
rsu,10,tx,-1,0,66861,336,178,40.008
node,591,tx,-1,10,67138,336,178,40.0257
rsu,10,rx,-1,0,67138,336,178,40.0259
rsu,15,tx,-1,0,67348,336,178,40.149
node,471,tx,-1,12,67594,336,178,40.8945
rsu,10,tx,-1,0,67774,336,178,41.008
rsu,15,tx,-1,0,68052,336,178,41.149
node,519,tx,-1,7,68298,336,178,41.3232
node,633,tx,-1,12,68469,336,178,41.6924
node,573,tx,-1,0,68642,336,178,41.7174
rsu,10,tx,-1,0,68854,336,178,42.008
rsu,15,tx,-1,0,69135,336,178,42.149
node,117,tx,-1,12,69378,336,178,42.5616
rsu,10,tx,-1,0,69565,336,178,43.008
rsu,15,tx,-1,0,69850,336,178,43.149
node,453,tx,-1,9,70099,336,178,43.6677
rsu,10,rx,-1,0,70099,336,178,43.6679
node,279,tx,-1,1,70332,336,178,43.6717
node,333,tx,-1,12,70493,336,178,43.692
rsu,10,tx,-1,0,70662,336,178,44.008
rsu,15,tx,-1,0,70952,336,178,44.149
node,417,tx,-1,0,71206,336,178,44.9276
rsu,10,tx,-1,0,71406,336,178,45.008
rsu,15,tx,-1,0,71693,336,178,45.149
node,639,tx,-1,12,71950,336,178,45.5522
rsu,10,tx,-1,0,72120,336,178,46.008
rsu,15,tx,-1,0,72408,336,178,46.149
rsu,10,tx,-1,0,72667,336,178,47.008
node,327,tx,-1,10,72954,336,178,47.0492
node,597,tx,-1,5,73178,336,178,47.1035
rsu,15,tx,-1,0,73415,336,178,47.149
node,525,tx,-1,1,73667,336,178,47.444
node,501,tx,-1,11,73832,336,178,47.5165
rsu,10,rx,-1,0,73832,336,178,47.5166
node,513,tx,-1,6,74034,336,178,47.7937
rsu,15,rx,-1,0,74034,336,178,47.7938
rsu,10,tx,-1,0,74235,336,178,48.008
rsu,15,tx,-1,0,74508,336,178,48.149
node,429,tx,-1,10,74759,336,178,48.6086
rsu,10,tx,-1,0,74950,336,178,49.008
node,231,tx,-1,0,75224,336,178,49.0666
rsu,15,tx,-1,0,75396,336,178,49.149
rsu,10,tx,-1,0,75641,336,178,50.008
rsu,15,tx,-1,0,75913,336,178,50.149
rsu,10,tx,-1,0,76150,336,178,51.008
rsu,15,tx,-1,0,76414,336,178,51.149
node,567,tx,-1,12,76650,336,178,51.793
rsu,10,tx,-1,0,76805,336,178,52.008
rsu,15,tx,-1,0,77068,336,178,52.149
node,195,tx,-1,7,77302,336,178,52.3246
rsu,10,tx,-1,0,77454,336,178,53.008
rsu,15,tx,-1,0,77715,336,178,53.149
node,243,tx,-1,10,77946,336,178,53.1496
node,789,tx,-1,12,78121,336,178,53.4412
node,339,tx,-1,11,78300,336,178,53.4598
rsu,15,rx,-1,0,78300,336,178,53.4599
node,687,tx,-1,7,78478,336,178,53.6562
rsu,10,tx,-1,0,78633,336,178,54.008
rsu,15,tx,-1,0,78889,336,178,54.149
node,495,tx,-1,10,79119,336,178,54.2706
rsu,10,tx,-1,0,79275,336,178,55.008
rsu,15,tx,-1,0,79526,336,178,55.149
rsu,10,tx,-1,0,79755,336,178,56.008
rsu,15,tx,-1,0,80007,336,178,56.149
node,729,tx,-1,12,80233,336,178,56.5295
rsu,10,rx,-1,0,80233,336,178,56.5297
node,645,tx,-1,11,80411,336,178,56.6978
rsu,10,tx,-1,0,80594,336,178,57.008
rsu,15,tx,-1,0,80843,336,178,57.149
node,459,tx,-1,7,81071,336,178,57.1725
rsu,15,rx,-1,0,81071,336,178,57.1726
node,237,tx,-1,11,81326,336,178,57.5822
node,585,tx,-1,8,81566,336,178,57.8878
rsu,15,rx,-1,0,81566,336,178,57.8879
rsu,10,tx,-1,0,81782,336,178,58.008
rsu,15,tx,-1,0,82032,336,178,58.149
node,657,tx,-1,1,82265,336,178,58.3558
rsu,15,rx,-1,0,82265,336,178,58.3559
node,183,tx,-1,11,82486,336,178,58.4747
rsu,10,tx,-1,0,82675,336,178,59.008
rsu,15,tx,-1,0,82931,336,178,59.149
node,405,tx,-1,12,83154,336,178,59.4093
rsu,15,rx,-1,0,83154,336,178,59.4094
node,825,tx,-1,2,83318,336,178,59.5991
node,99,tx,-1,10,83482,336,178,59.9122
rsu,10,tx,-1,0,83673,336,178,60.008
rsu,15,tx,-1,0,83929,336,178,60.149
rsu,10,tx,-1,0,84151,336,178,61.008
rsu,15,tx,-1,0,84411,336,178,61.149
rsu,10,tx,-1,0,84631,336,178,62.008
rsu,15,tx,-1,0,84885,336,178,62.149
node,507,tx,-1,4,85103,336,178,62.4444
rsu,15,rx,-1,0,85103,336,178,62.4445
rsu,10,tx,-1,0,85362,336,178,63.008
rsu,15,tx,-1,0,85621,336,178,63.149
node,801,tx,-1,3,85843,336,178,63.2148
rsu,10,rx,-1,0,85843,336,178,63.2149
node,543,tx,-1,3,86048,336,178,63.731
rsu,10,tx,-1,0,86279,336,178,64.008
rsu,15,tx,-1,0,86538,336,178,64.149
node,837,tx,-1,7,86761,336,178,64.8274
rsu,15,rx,-1,0,86761,336,178,64.8275
rsu,10,tx,-1,0,86967,336,178,65.008
rsu,15,tx,-1,0,87234,336,178,65.149
node,135,tx,-1,7,87467,336,178,65.226
rsu,10,tx,-1,0,87652,336,178,66.008
rsu,15,tx,-1,0,87910,336,178,66.149
rsu,10,tx,-1,0,88133,336,178,67.008
node,147,tx,-1,12,88398,336,178,67.1041
rsu,15,tx,-1,0,88588,336,178,67.149
node,369,tx,-1,5,88810,336,178,67.2225
rsu,10,tx,-1,0,89020,336,178,68.008
rsu,15,tx,-1,0,89285,336,178,68.149
node,81,tx,-1,11,89507,336,178,68.1908
node,621,tx,-1,10,89682,336,178,68.8736
node,153,tx,-1,0,89878,336,178,68.9156
rsu,10,tx,-1,0,90105,336,178,69.008
rsu,15,tx,-1,0,90372,336,178,69.149
node,465,tx,-1,12,90602,336,178,69.4502
rsu,10,tx,-1,0,90787,336,178,70.008
rsu,15,tx,-1,0,91055,336,178,70.149
node,423,tx,-1,7,91285,336,178,70.5377
rsu,10,rx,-1,0,91285,336,178,70.5378
node,381,tx,-1,11,91553,336,178,70.5733
rsu,10,rx,-1,0,91553,336,178,70.5734
rsu,10,tx,-1,0,91722,336,178,71.008
rsu,15,tx,-1,0,91990,336,178,71.149
node,393,tx,-1,11,92219,336,178,71.6139
node,363,tx,-1,0,92371,336,178,71.7279
rsu,10,tx,-1,0,92590,336,178,72.008
rsu,15,tx,-1,0,92855,336,178,72.149
node,285,tx,-1,2,93089,336,178,72.4662
node,57,tx,-1,9,93277,336,178,72.9527
rsu,10,tx,-1,0,93470,336,178,73.008
rsu,15,tx,-1,0,93735,336,178,73.149
node,399,tx,-1,12,93975,336,178,73.4083
node,27,tx,-1,12,94160,336,178,73.5833
rsu,10,tx,-1,0,94314,336,178,74.008
node,627,tx,-1,10,94587,336,178,74.1428
rsu,15,tx,-1,0,94776,336,178,74.149
rsu,10,tx,-1,0,95021,336,178,75.008
rsu,15,tx,-1,0,95287,336,178,75.149
node,561,tx,-1,11,95521,336,178,75.6847
node,681,tx,-1,5,95753,336,178,75.8655
rsu,15,rx,-1,0,95753,336,178,75.8656
rsu,10,tx,-1,0,96020,336,178,76.008
rsu,15,tx,-1,0,96289,336,178,76.149
rsu,10,tx,-1,0,96523,336,178,77.008
rsu,15,tx,-1,0,96782,336,178,77.149
rsu,10,tx,-1,0,97016,336,178,78.008
rsu,15,tx,-1,0,97291,336,178,78.149
rsu,10,tx,-1,0,97534,336,178,79.008
rsu,15,tx,-1,0,97811,336,178,79.149
node,51,tx,-1,10,98050,336,178,79.345
rsu,15,rx,-1,0,98050,336,178,79.3451
node,771,tx,-1,11,98209,336,178,79.7557
node,177,tx,-1,11,98379,336,178,79.9126
rsu,10,tx,-1,0,98559,336,178,80.008
rsu,15,tx,-1,0,98822,336,178,80.149
node,351,tx,-1,11,99058,336,178,80.4521
node,813,tx,-1,10,99232,336,178,80.5
node,87,tx,-1,0,99391,336,178,80.5125
rsu,10,rx,-1,0,99391,336,178,80.5126
node,75,tx,-1,0,99589,336,178,80.8784
rsu,15,rx,-1,0,99589,336,178,80.8785
rsu,10,tx,-1,0,99762,336,178,81.008
rsu,15,tx,-1,0,100028,336,178,81.149
node,387,tx,-1,10,100259,336,178,81.6496
rsu,10,tx,-1,0,100434,336,178,82.008
node,309,tx,-1,12,100699,336,178,82.0532
rsu,15,tx,-1,0,100894,336,178,82.149
node,291,tx,-1,12,101126,336,178,82.4717
node,141,tx,-1,2,101294,336,178,82.7179
rsu,10,tx,-1,0,101439,336,178,83.008
rsu,15,tx,-1,0,101705,336,178,83.149
rsu,10,tx,-1,0,101942,336,178,84.008
rsu,15,tx,-1,0,102203,336,178,84.149
node,723,tx,-1,11,102437,336,178,84.1893
rsu,10,tx,-1,0,102617,336,178,85.008
rsu,15,tx,-1,0,102878,336,178,85.149
node,615,tx,-1,11,103112,336,178,85.3598
rsu,15,rx,-1,0,103112,336,178,85.36
node,549,tx,-1,8,103327,336,178,85.8221
rsu,10,tx,-1,0,103473,336,178,86.008
node,753,tx,-1,8,103738,336,178,86.134
rsu,15,tx,-1,0,103960,336,178,86.149
rsu,10,tx,-1,0,104197,336,178,87.008
rsu,15,tx,-1,0,104458,336,178,87.149
node,651,tx,-1,6,104679,336,178,87.3949
node,33,tx,-1,0,104848,336,178,87.9694
rsu,10,tx,-1,0,105048,336,178,88.008
rsu,15,tx,-1,0,105309,336,178,88.149
rsu,10,tx,-1,0,105528,336,178,89.008
rsu,15,tx,-1,0,105789,336,178,89.149
rsu,10,tx,-1,0,106013,336,178,90.008
rsu,15,tx,-1,0,106278,336,178,90.149
node,45,tx,-1,0,106498,336,178,90.2202
node,93,tx,-1,0,106684,336,178,90.2245
node,717,tx,-1,0,106881,336,178,90.3491
rsu,10,rx,-1,0,106881,336,178,90.3492
node,225,tx,-1,8,107088,336,178,90.5545
node,669,tx,-1,11,107268,336,178,90.5639
node,111,tx,-1,2,107409,336,178,90.6529
rsu,10,tx,-1,0,107623,336,178,91.008
rsu,15,tx,-1,0,107889,336,178,91.149
node,267,tx,-1,11,108109,336,178,91.6356
rsu,15,rx,-1,0,108109,336,178,91.6357
rsu,10,tx,-1,0,108266,336,178,92.008
rsu,15,tx,-1,0,108530,336,178,92.149
node,261,tx,-1,12,108750,336,178,92.577
node,537,tx,-1,12,108926,336,178,92.8342
rsu,10,tx,-1,0,109102,336,178,93.008
rsu,15,tx,-1,0,109365,336,178,93.149
rsu,10,tx,-1,0,109588,336,178,94.008
rsu,15,tx,-1,0,109847,336,178,94.149
node,201,tx,-1,12,110064,336,178,94.2157
rsu,10,rx,-1,0,110064,336,178,94.2158
rsu,10,tx,-1,0,110261,336,178,95.008
rsu,15,tx,-1,0,110518,336,178,95.149
rsu,10,tx,-1,0,110730,336,178,96.008
rsu,15,tx,-1,0,110984,336,178,96.149
node,411,tx,-1,1,111199,336,178,96.6942
rsu,10,tx,-1,0,111373,336,178,97.008
rsu,15,tx,-1,0,111626,336,178,97.149
node,171,tx,-1,7,111838,336,178,97.6214
rsu,10,tx,-1,0,112037,336,178,98.008
rsu,15,tx,-1,0,112282,336,178,98.149
rsu,10,tx,-1,0,112488,336,178,99.008
node,165,tx,-1,9,112726,336,178,99.0908
rsu,15,tx,-1,0,112895,336,178,99.149
node,213,tx,-1,11,113091,336,178,99.335
