rsu,10,tx,-1,0,30,336,178,0.18184
rsu,15,tx,-1,0,42,336,178,0.908375
rsu,10,tx,-1,0,1830,336,178,1.18184
node,387,tx,-1,0,2127,336,178,1.23141
node,609,tx,-1,0,2291,336,178,1.6043
rsu,15,rx,-1,0,2291,336,178,1.6044
node,543,tx,-1,0,2479,336,178,1.65932
node,699,tx,-1,0,2693,336,178,1.75382
rsu,10,rx,-1,0,2693,336,178,1.75393
rsu,15,tx,-1,0,2898,336,178,1.90838
rsu,10,tx,-1,0,3189,336,178,2.18184
node,531,tx,-1,2,3492,336,178,2.42606
rsu,10,rx,-1,0,3492,336,178,2.42617
node,135,tx,-1,0,3687,336,178,2.66324
rsu,15,tx,-1,0,3876,336,178,2.90838
rsu,10,tx,-1,0,4184,336,178,3.18184
node,597,tx,-1,0,4487,336,178,3.29023
node,285,tx,-1,1,4683,336,178,3.58887
rsu,15,tx,-1,0,4848,336,178,3.90838
rsu,10,tx,-1,0,5158,336,178,4.18184
node,459,tx,-1,3,5462,336,178,4.85866
rsu,15,tx,-1,0,5611,336,178,4.90838
rsu,10,tx,-1,0,5889,336,178,5.18184
node,813,tx,-1,0,6196,336,178,5.79588
rsu,15,tx,-1,0,6373,336,178,5.90838
rsu,10,tx,-1,0,6634,336,178,6.18184
node,525,tx,-1,1,6935,336,178,6.34953
node,327,tx,-1,8,7106,336,178,6.40963
node,69,tx,-1,5,7288,336,178,6.70285
node,717,tx,-1,3,7461,336,178,6.83671
node,165,tx,-1,7,7640,336,178,6.8776
rsu,15,tx,-1,0,7822,336,178,6.90838
node,627,tx,-1,5,8082,336,178,6.96247
rsu,10,tx,-1,0,8279,336,178,7.18184
node,129,tx,-1,6,8579,336,178,7.51959
node,117,tx,-1,5,8779,336,178,7.76802
rsu,10,rx,-1,0,8779,336,178,7.76814
rsu,15,tx,-1,0,9020,336,178,7.90838
node,339,tx,-1,7,9272,336,178,8.06117
node,255,tx,-1,9,9417,336,178,8.11675
rsu,10,rx,-1,0,9417,336,178,8.11686
rsu,10,tx,-1,0,9676,336,178,8.18184
node,513,tx,-1,3,9979,336,178,8.34199
rsu,15,rx,-1,0,9979,336,178,8.34211
node,675,tx,-1,0,10194,336,178,8.4303
rsu,15,rx,-1,0,10194,336,178,8.43041
node,537,tx,-1,7,10455,336,178,8.54762
rsu,10,rx,-1,0,10455,336,178,8.54773
rsu,15,tx,-1,0,10694,336,178,8.90838
node,147,tx,-1,11,10942,336,178,9.0734
rsu,10,tx,-1,0,11113,336,178,9.18184
node,651,tx,-1,10,11407,336,178,9.46137
node,279,tx,-1,1,11564,336,178,9.74329
node,561,tx,-1,11,11736,336,178,9.81841
node,399,tx,-1,8,11919,336,178,9.83496
rsu,15,tx,-1,0,12096,336,178,9.90838
node,603,tx,-1,10,12332,336,178,9.9092
rsu,10,rx,-1,0,12332,336,178,9.90931
node,39,tx,-1,1,12547,336,178,9.93171
node,789,tx,-1,8,12727,336,178,10.0468
rsu,15,rx,-1,0,12727,336,178,10.0469
node,81,tx,-1,10,12906,336,178,10.0575
node,231,tx,-1,12,13117,336,178,10.1542
rsu,10,tx,-1,0,13297,336,178,10.1818
node,621,tx,-1,6,13587,336,178,10.2041
node,639,tx,-1,9,13792,336,178,10.467
node,645,tx,-1,6,13959,336,178,10.4809
rsu,15,rx,-1,0,13959,336,178,10.481
node,555,tx,-1,11,14179,336,178,10.5168
rsu,15,rx,-1,0,14179,336,178,10.5169
node,75,tx,-1,9,14400,336,178,10.5906
node,477,tx,-1,9,14568,336,178,10.6383
rsu,15,tx,-1,0,14756,336,178,10.9084
node,141,tx,-1,9,14993,336,178,10.9561
node,423,tx,-1,0,15193,336,178,11.0346
rsu,10,rx,-1,0,15193,336,178,11.0347
node,549,tx,-1,10,15435,336,178,11.1263
rsu,10,tx,-1,0,15597,336,178,11.1818
node,615,tx,-1,10,15881,336,178,11.3187
node,687,tx,-1,11,16035,336,178,11.4526
node,273,tx,-1,6,16231,336,178,11.5057
node,225,tx,-1,10,16380,336,178,11.5376
rsu,15,rx,-1,0,16380,336,178,11.5377
node,87,tx,-1,12,16550,336,178,11.8361
rsu,10,rx,-1,0,16550,336,178,11.8362
rsu,15,tx,-1,0,16764,336,178,11.9084
node,573,tx,-1,11,17003,336,178,11.9455
node,693,tx,-1,5,17185,336,178,12.0843
node,297,tx,-1,7,17352,336,178,12.1404
rsu,10,tx,-1,0,17517,336,178,12.1818
node,213,tx,-1,11,17803,336,178,12.3678
node,465,tx,-1,5,17976,336,178,12.5672
rsu,10,rx,-1,0,17976,336,178,12.5673
rsu,15,tx,-1,0,18196,336,178,12.9084
rsu,10,tx,-1,0,18435,336,178,13.1818
node,777,tx,-1,5,18723,336,178,13.1934
rsu,10,rx,-1,0,18723,336,178,13.1935
node,447,tx,-1,10,18964,336,178,13.195
rsu,10,rx,-1,0,18964,336,178,13.1951
node,309,tx,-1,12,19184,336,178,13.6251
node,153,tx,-1,12,19345,336,178,13.827
node,417,tx,-1,10,19524,336,178,13.9062
rsu,15,tx,-1,0,19699,336,178,13.9084
node,393,tx,-1,12,19934,336,178,13.9602
rsu,10,tx,-1,0,20092,336,178,14.1818
rsu,15,tx,-1,0,20386,336,178,14.9084
node,669,tx,-1,0,20880,336,178,15.0135
rsu,10,rx,-1,0,20880,336,178,15.0136
node,795,tx,-1,12,21061,336,178,15.0548
node,315,tx,-1,11,21234,336,178,15.1742
rsu,10,tx,-1,0,21407,336,178,15.1818
node,183,tx,-1,12,21699,336,178,15.2783
node,123,tx,-1,11,21895,336,178,15.5498
node,291,tx,-1,11,22065,336,178,15.5576
rsu,10,rx,-1,0,22065,336,178,15.5577
node,159,tx,-1,11,22283,336,178,15.8874
rsu,15,tx,-1,0,22482,336,178,15.9084
node,111,tx,-1,0,22720,336,178,15.9909
node,501,tx,-1,12,22962,336,178,16.1034
rsu,10,tx,-1,0,23119,336,178,16.1818
node,567,tx,-1,10,23415,336,178,16.23
node,735,tx,-1,11,23596,336,178,16.2632
node,177,tx,-1,10,23794,336,178,16.3839
node,483,tx,-1,3,24030,336,178,16.4202
node,663,tx,-1,5,24199,336,178,16.7987
rsu,15,rx,-1,0,24199,336,178,16.7988
node,495,tx,-1,6,24411,336,178,16.8527
node,345,tx,-1,10,24602,336,178,16.8934
rsu,10,rx,-1,0,24602,336,178,16.8935
rsu,15,tx,-1,0,24819,336,178,16.9084
node,405,tx,-1,11,25061,336,178,16.9162
rsu,15,rx,-1,0,25061,336,178,16.9163
node,369,tx,-1,10,25286,336,178,16.9212
node,105,tx,-1,10,25701,336,178,17.0398
node,249,tx,-1,11,27157,336,178,17.094
rsu,10,tx,-1,0,29565,336,178,17.1818
node,747,tx,-1,9,30249,336,178,17.2529
node,723,tx,-1,12,30414,336,178,17.4485
rsu,15,tx,-1,0,30608,336,178,17.9084
node,21,tx,-1,9,30845,336,178,18.0742
rsu,10,tx,-1,0,31030,336,178,18.1818
node,579,tx,-1,12,31317,336,178,18.1935
node,243,tx,-1,12,31534,336,178,18.2323
rsu,15,rx,-1,0,31534,336,178,18.2325
node,321,tx,-1,1,31753,336,178,18.3252
node,351,tx,-1,11,31899,336,178,18.5346
node,33,tx,-1,11,32090,336,178,18.8297
rsu,15,tx,-1,0,32274,336,178,18.9084
node,219,tx,-1,8,32504,336,178,18.9642
node,471,tx,-1,8,32712,336,178,19.0129
rsu,15,rx,-1,0,32712,336,178,19.013
rsu,10,tx,-1,0,36556,336,178,19.1818
node,771,tx,-1,10,43090,336,178,19.4033
rsu,10,rx,-1,0,43090,336,178,19.4034
node,45,tx,-1,3,43326,336,178,19.6643
node,519,tx,-1,6,43525,336,178,19.8469
rsu,15,tx,-1,0,43726,336,178,19.9084
node,27,tx,-1,12,43958,336,178,20.0716
node,303,tx,-1,11,44104,336,178,20.0841
rsu,10,rx,-1,0,44104,336,178,20.0842
node,267,tx,-1,10,44317,336,178,20.1023
rsu,10,tx,-1,0,44509,336,178,20.1818
node,93,tx,-1,11,44797,336,178,20.1961
node,837,tx,-1,2,44971,336,178,20.5843
rsu,15,rx,-1,0,44971,336,178,20.5845
rsu,15,tx,-1,0,45211,336,178,20.9084
node,831,tx,-1,1,45441,336,178,20.94
node,783,tx,-1,10,45612,336,178,20.9424
rsu,10,tx,-1,0,47367,336,178,21.1818
node,807,tx,-1,11,59324,336,178,21.4663
node,381,tx,-1,12,59787,336,178,21.5006
node,171,tx,-1,10,59967,336,178,21.6139
rsu,15,tx,-1,0,60147,336,178,21.9084
node,759,tx,-1,11,60369,336,178,21.9841
node,51,tx,-1,11,60564,336,178,21.9897
rsu,10,tx,-1,0,60742,336,178,22.1818
node,711,tx,-1,2,61022,336,178,22.5193
node,585,tx,-1,11,61210,336,178,22.7326
rsu,15,tx,-1,0,61383,336,178,22.9084
rsu,10,tx,-1,0,61787,336,178,23.1818
node,207,tx,-1,12,64884,336,178,23.3314
rsu,15,rx,-1,0,64884,336,178,23.3315
node,99,tx,-1,11,67032,336,178,23.4448
node,507,tx,-1,6,68337,336,178,23.7338
rsu,15,rx,-1,0,68337,336,178,23.734
rsu,15,tx,-1,0,68539,336,178,23.9084
node,591,tx,-1,10,68766,336,178,23.941
rsu,10,rx,-1,0,68766,336,178,23.9411
rsu,10,tx,-1,0,68999,336,178,24.1818
node,633,tx,-1,12,69277,336,178,24.312
node,765,tx,-1,11,69470,336,178,24.7926
node,195,tx,-1,11,69661,336,178,24.8766
rsu,15,tx,-1,0,69823,336,178,24.9084
node,453,tx,-1,12,70051,336,178,24.9282
rsu,10,tx,-1,0,70239,336,178,25.1818
node,261,tx,-1,11,70516,336,178,25.2181
rsu,10,rx,-1,0,70516,336,178,25.2182
node,333,tx,-1,10,71089,336,178,25.4796
node,189,tx,-1,10,71824,336,178,25.6633
rsu,15,tx,-1,0,72000,336,178,25.9084
node,237,tx,-1,11,72220,336,178,26.0137
rsu,10,tx,-1,0,72402,336,178,26.1818
node,657,tx,-1,11,72672,336,178,26.1923
node,729,tx,-1,6,72852,336,178,26.3151
rsu,15,tx,-1,0,73008,336,178,26.9084
rsu,10,tx,-1,0,73225,336,178,27.1818
node,801,tx,-1,11,73496,336,178,27.2607
node,375,tx,-1,12,73677,336,178,27.4207
node,357,tx,-1,10,73859,336,178,27.452
rsu,10,rx,-1,0,73859,336,178,27.4521
node,825,tx,-1,0,74063,336,178,27.7133
node,201,tx,-1,10,74251,336,178,27.8252
node,429,tx,-1,10,74397,336,178,27.8514
rsu,15,tx,-1,0,74580,336,178,27.9084
node,681,tx,-1,12,74800,336,178,27.9673
rsu,10,tx,-1,0,74976,336,178,28.1818
node,705,tx,-1,1,75249,336,178,28.4947
node,753,tx,-1,12,75414,336,178,28.7578
rsu,15,tx,-1,0,75596,336,178,28.9084
node,441,tx,-1,10,75819,336,178,29.1391
node,57,tx,-1,11,76007,336,178,29.1624
rsu,10,tx,-1,0,76197,336,178,29.1818
node,741,tx,-1,11,76478,336,178,29.335
rsu,10,rx,-1,0,76478,336,178,29.3351
node,489,tx,-1,12,76700,336,178,29.4503
node,63,tx,-1,1,76903,336,178,29.4837
node,363,tx,-1,10,77065,336,178,29.5619
rsu,15,tx,-1,0,77242,336,178,29.9084
rsu,10,tx,-1,0,77469,336,178,30.1818
node,411,tx,-1,12,77745,336,178,30.4732
rsu,15,tx,-1,0,77927,336,178,30.9084
node,435,tx,-1,7,78150,336,178,30.9689
node,819,tx,-1,0,78347,336,178,31.1027
rsu,10,tx,-1,0,78562,336,178,31.1818
node,387,tx,-1,12,78838,336,178,31.2314
node,609,tx,-1,9,79015,336,178,31.6043
node,543,tx,-1,12,79196,336,178,31.6593
node,699,tx,-1,12,79374,336,178,31.7538
rsu,10,rx,-1,0,79374,336,178,31.7539
rsu,15,tx,-1,0,79624,336,178,31.9084
rsu,10,tx,-1,0,79850,336,178,32.1818
node,531,tx,-1,0,80128,336,178,32.4261
rsu,10,rx,-1,0,80128,336,178,32.4262
node,135,tx,-1,7,80294,336,178,32.6632
rsu,15,tx,-1,0,80440,336,178,32.9084
rsu,10,tx,-1,0,80666,336,178,33.1818
node,597,tx,-1,11,80945,336,178,33.2902
node,285,tx,-1,1,81123,336,178,33.5889
rsu,15,tx,-1,0,81316,336,178,33.9084
rsu,10,tx,-1,0,81538,336,178,34.1818
node,459,tx,-1,11,81817,336,178,34.8587
rsu,15,tx,-1,0,81991,336,178,34.9084
rsu,10,tx,-1,0,82214,336,178,35.1818
node,813,tx,-1,1,82486,336,178,35.7959
rsu,10,rx,-1,0,82486,336,178,35.796
rsu,15,tx,-1,0,82728,336,178,35.9084
rsu,10,tx,-1,0,82955,336,178,36.1818
node,525,tx,-1,0,83231,336,178,36.3495
node,327,tx,-1,11,83395,336,178,36.4096
node,69,tx,-1,7,83597,336,178,36.7028
rsu,10,rx,-1,0,83597,336,178,36.703
node,717,tx,-1,3,83798,336,178,36.8367
node,165,tx,-1,9,83999,336,178,36.8776
rsu,15,tx,-1,0,84231,336,178,36.9084
node,627,tx,-1,10,84456,336,178,36.9625
rsu,10,tx,-1,0,84651,336,178,37.1818
node,129,tx,-1,10,84929,336,178,37.5196
node,117,tx,-1,12,85116,336,178,37.768
rsu,15,tx,-1,0,85289,336,178,37.9084
node,339,tx,-1,0,85520,336,178,38.0612
node,255,tx,-1,12,85710,336,178,38.1167
rsu,10,rx,-1,0,85710,336,178,38.1169
rsu,10,tx,-1,0,85933,336,178,38.1818
node,513,tx,-1,10,86214,336,178,38.342
node,675,tx,-1,12,86389,336,178,38.4303
node,537,tx,-1,10,86572,336,178,38.5476
rsu,15,tx,-1,0,86745,336,178,38.9084
node,147,tx,-1,6,86981,336,178,39.0734
rsu,15,rx,-1,0,86981,336,178,39.0735
rsu,10,tx,-1,0,87203,336,178,39.1818
node,651,tx,-1,7,87482,336,178,39.4614
node,279,tx,-1,2,87665,336,178,39.7433
node,561,tx,-1,12,87830,336,178,39.8184
node,399,tx,-1,3,87983,336,178,39.835
rsu,15,tx,-1,0,88225,336,178,39.9084
node,603,tx,-1,12,88460,336,178,39.9092
rsu,10,rx,-1,0,88460,336,178,39.9093
node,39,tx,-1,11,88677,336,178,39.9317
node,789,tx,-1,7,88864,336,178,40.0468
node,81,tx,-1,3,89055,336,178,40.0575
node,231,tx,-1,2,89228,336,178,40.1542
rsu,10,tx,-1,0,89396,336,178,40.1818
node,621,tx,-1,11,89675,336,178,40.2041
node,639,tx,-1,10,89871,336,178,40.467
node,645,tx,-1,6,90027,336,178,40.4809
rsu,15,rx,-1,0,90027,336,178,40.481
node,555,tx,-1,12,90248,336,178,40.5168
node,75,tx,-1,4,90420,336,178,40.5906
node,477,tx,-1,12,90600,336,178,40.6383
rsu,15,tx,-1,0,90776,336,178,40.9084
node,141,tx,-1,7,91022,336,178,40.9561
node,423,tx,-1,7,91191,336,178,41.0346
node,549,tx,-1,10,91366,336,178,41.1263
rsu,10,tx,-1,0,91523,336,178,41.1818
node,615,tx,-1,11,91809,336,178,41.3187
rsu,15,rx,-1,0,91809,336,178,41.3188
node,687,tx,-1,12,92008,336,178,41.4526
node,273,tx,-1,0,92179,336,178,41.5057
node,225,tx,-1,12,92348,336,178,41.5376
node,87,tx,-1,10,92539,336,178,41.8361
rsu,10,rx,-1,0,92539,336,178,41.8362
rsu,15,tx,-1,0,92764,336,178,41.9084
node,573,tx,-1,3,93015,336,178,41.9455
node,693,tx,-1,0,93246,336,178,42.0843
rsu,10,tx,-1,0,93415,336,178,42.1818
node,213,tx,-1,0,93699,336,178,42.3678
node,465,tx,-1,10,93963,336,178,42.5672
rsu,15,tx,-1,0,94146,336,178,42.9084
rsu,10,tx,-1,0,94391,336,178,43.1818
node,777,tx,-1,12,94679,336,178,43.1934
node,447,tx,-1,11,94868,336,178,43.195
rsu,10,rx,-1,0,94868,336,178,43.1951
node,309,tx,-1,11,95120,336,178,43.6251
node,153,tx,-1,11,95316,336,178,43.827
node,417,tx,-1,0,95515,336,178,43.9062
rsu,15,tx,-1,0,95718,336,178,43.9084
node,393,tx,-1,12,95963,336,178,43.9602
rsu,10,tx,-1,0,96131,336,178,44.1818
rsu,15,tx,-1,0,96411,336,178,44.9084
node,669,tx,-1,0,96664,336,178,45.0135
rsu,10,rx,-1,0,96664,336,178,45.0136
node,795,tx,-1,6,96836,336,178,45.0548
node,315,tx,-1,8,97073,336,178,45.1742
rsu,15,rx,-1,0,97073,336,178,45.1743
rsu,10,tx,-1,0,97313,336,178,45.1818
node,183,tx,-1,12,97597,336,178,45.2783
node,123,tx,-1,6,97783,336,178,45.5498
rsu,10,rx,-1,0,97783,336,178,45.5499
node,291,tx,-1,10,98030,336,178,45.5576
rsu,10,rx,-1,0,98030,336,178,45.5577
node,159,tx,-1,11,98292,336,178,45.8874
rsu,15,tx,-1,0,98478,336,178,45.9084
node,111,tx,-1,0,98725,336,178,45.9909
node,501,tx,-1,3,98993,336,178,46.1034
rsu,10,rx,-1,0,98993,336,178,46.1036
rsu,10,tx,-1,0,99239,336,178,46.1818
node,567,tx,-1,12,99525,336,178,46.23
node,735,tx,-1,12,99677,336,178,46.2632
rsu,10,rx,-1,0,99677,336,178,46.2633
node,177,tx,-1,11,99930,336,178,46.3839
node,483,tx,-1,11,100149,336,178,46.4202
node,663,tx,-1,12,100331,336,178,46.7987
node,495,tx,-1,11,100523,336,178,46.8527
node,345,tx,-1,11,100679,336,178,46.8934
rsu,15,tx,-1,0,100869,336,178,46.9084
node,405,tx,-1,11,101116,336,178,46.9162
rsu,15,rx,-1,0,101116,336,178,46.9163
node,369,tx,-1,4,101348,336,178,46.9212
rsu,15,rx,-1,0,101348,336,178,46.9213
node,105,tx,-1,12,101616,336,178,47.0398
node,249,tx,-1,9,101795,336,178,47.094
rsu,10,tx,-1,0,101978,336,178,47.1818
node,747,tx,-1,10,102257,336,178,47.2529
node,723,tx,-1,10,102451,336,178,47.4485
rsu,15,tx,-1,0,102634,336,178,47.9084
node,21,tx,-1,10,102875,336,178,48.0742
rsu,10,tx,-1,0,103068,336,178,48.1818
node,579,tx,-1,12,103347,336,178,48.1935
node,243,tx,-1,12,103540,336,178,48.2323
node,321,tx,-1,1,103710,336,178,48.3252
node,351,tx,-1,10,103858,336,178,48.5346
node,33,tx,-1,2,104034,336,178,48.8297
rsu,15,tx,-1,0,104266,336,178,48.9084
node,219,tx,-1,11,104510,336,178,48.9642
rsu,10,rx,-1,0,104510,336,178,48.9644
node,471,tx,-1,10,104749,336,178,49.0129
rsu,10,tx,-1,0,104913,336,178,49.1818
node,771,tx,-1,12,105184,336,178,49.4033
rsu,10,rx,-1,0,105184,336,178,49.4034
node,45,tx,-1,7,105396,336,178,49.6643
node,519,tx,-1,0,105587,336,178,49.8469
rsu,15,tx,-1,0,105755,336,178,49.9084
node,27,tx,-1,5,106002,336,178,50.0716
node,303,tx,-1,7,106150,336,178,50.0841
node,267,tx,-1,5,106298,336,178,50.1023
rsu,10,tx,-1,0,106493,336,178,50.1818
node,93,tx,-1,12,106763,336,178,50.1961
node,837,tx,-1,7,106956,336,178,50.5843
rsu,15,rx,-1,0,106956,336,178,50.5845
rsu,15,tx,-1,0,107176,336,178,50.9084
node,831,tx,-1,0,107416,336,178,50.94
node,783,tx,-1,10,107584,336,178,50.9424
rsu,10,tx,-1,0,107768,336,178,51.1818
node,807,tx,-1,12,108040,336,178,51.4663
node,381,tx,-1,12,108227,336,178,51.5006
node,171,tx,-1,1,108383,336,178,51.6139
rsu,15,rx,-1,0,108383,336,178,51.6141
rsu,15,tx,-1,0,108641,336,178,51.9084
node,759,tx,-1,11,108884,336,178,51.9841
node,51,tx,-1,10,109067,336,178,51.9897
rsu,15,rx,-1,0,109067,336,178,51.9898
rsu,10,tx,-1,0,109293,336,178,52.1818
node,711,tx,-1,2,109567,336,178,52.5193
node,585,tx,-1,4,109751,336,178,52.7326
rsu,15,rx,-1,0,109751,336,178,52.7327
rsu,15,tx,-1,0,110008,336,178,52.9084
rsu,10,tx,-1,0,110255,336,178,53.1818
node,207,tx,-1,10,110523,336,178,53.3314
node,99,tx,-1,8,110710,336,178,53.4448
node,507,tx,-1,10,110889,336,178,53.7338
rsu,15,tx,-1,0,111072,336,178,53.9084
node,591,tx,-1,8,111308,336,178,53.941
rsu,10,rx,-1,0,111308,336,178,53.9411
rsu,10,tx,-1,0,111515,336,178,54.1818
node,633,tx,-1,0,111773,336,178,54.312
node,765,tx,-1,11,111967,336,178,54.7926
node,195,tx,-1,8,112121,336,178,54.8766
rsu,15,tx,-1,0,112269,336,178,54.9084
node,453,tx,-1,12,112498,336,178,54.9282
rsu,10,rx,-1,0,112498,336,178,54.9283
rsu,10,tx,-1,0,112722,336,178,55.1818
node,261,tx,-1,11,112978,336,178,55.2181
node,333,tx,-1,10,113122,336,178,55.4796
node,189,tx,-1,11,113307,336,178,55.6633
rsu,15,tx,-1,0,113508,336,178,55.9084
node,237,tx,-1,10,113732,336,178,56.0137
rsu,10,tx,-1,0,113932,336,178,56.1818
node,657,tx,-1,11,114183,336,178,56.1923
node,729,tx,-1,12,114382,336,178,56.3151
rsu,10,rx,-1,0,114382,336,178,56.3153
rsu,15,tx,-1,0,114561,336,178,56.9084
rsu,10,tx,-1,0,114784,336,178,57.1818
node,801,tx,-1,12,115032,336,178,57.2607
node,375,tx,-1,11,115219,336,178,57.4207
node,357,tx,-1,11,115415,336,178,57.452
node,825,tx,-1,1,115602,336,178,57.7133
node,201,tx,-1,8,115778,336,178,57.8252
node,429,tx,-1,10,115959,336,178,57.8514
rsu,15,tx,-1,0,116147,336,178,57.9084
node,681,tx,-1,10,116364,336,178,57.9673
rsu,10,tx,-1,0,116548,336,178,58.1818
node,705,tx,-1,2,116793,336,178,58.4947
node,753,tx,-1,8,116968,336,178,58.7578
rsu,15,tx,-1,0,117128,336,178,58.9084
node,441,tx,-1,12,117339,336,178,59.1391
node,57,tx,-1,0,117537,336,178,59.1624
rsu,10,tx,-1,0,117742,336,178,59.1818
node,741,tx,-1,11,117980,336,178,59.335
rsu,15,rx,-1,0,117980,336,178,59.3351
node,489,tx,-1,11,118179,336,178,59.4503
node,63,tx,-1,8,118392,336,178,59.4837
node,363,tx,-1,10,118563,336,178,59.5619
rsu,15,tx,-1,0,118760,336,178,59.9084
rsu,10,tx,-1,0,118970,336,178,60.1818
node,411,tx,-1,10,119210,336,178,60.4732
rsu,15,tx,-1,0,119386,336,178,60.9084
node,435,tx,-1,10,119599,336,178,60.9689
node,819,tx,-1,10,119785,336,178,61.1027
rsu,10,tx,-1,0,119984,336,178,61.1818
node,387,tx,-1,11,120225,336,178,61.2314
node,609,tx,-1,8,120414,336,178,61.6043
node,543,tx,-1,5,120592,336,178,61.6593
node,699,tx,-1,12,120795,336,178,61.7538
rsu,10,rx,-1,0,120795,336,178,61.7539
rsu,15,tx,-1,0,120996,336,178,61.9084
rsu,10,tx,-1,0,121203,336,178,62.1818
node,531,tx,-1,10,121447,336,178,62.4261
rsu,10,rx,-1,0,121447,336,178,62.4262
node,135,tx,-1,2,121633,336,178,62.6632
rsu,15,tx,-1,0,121825,336,178,62.9084
rsu,10,tx,-1,0,122030,336,178,63.1818
node,597,tx,-1,9,122270,336,178,63.2902
rsu,15,rx,-1,0,122270,336,178,63.2903
node,285,tx,-1,12,122470,336,178,63.5889
rsu,15,tx,-1,0,122651,336,178,63.9084
rsu,10,tx,-1,0,122861,336,178,64.1818
node,459,tx,-1,8,123104,336,178,64.8587
rsu,15,rx,-1,0,123104,336,178,64.8588
rsu,15,tx,-1,0,123303,336,178,64.9084
rsu,10,tx,-1,0,123512,336,178,65.1818
node,813,tx,-1,12,123764,336,178,65.7959
rsu,15,tx,-1,0,123937,336,178,65.9084
rsu,10,tx,-1,0,124160,336,178,66.1818
node,525,tx,-1,0,124417,336,178,66.3495
node,327,tx,-1,8,124576,336,178,66.4096
node,69,tx,-1,10,124747,336,178,66.7028
rsu,10,rx,-1,0,124747,336,178,66.703
node,717,tx,-1,1,124952,336,178,66.8367
rsu,10,rx,-1,0,124952,336,178,66.8368
node,165,tx,-1,7,125163,336,178,66.8776
rsu,15,tx,-1,0,125344,336,178,66.9084
node,627,tx,-1,11,125573,336,178,66.9625
rsu,10,tx,-1,0,125810,336,178,67.1818
node,129,tx,-1,12,126068,336,178,67.5196
node,117,tx,-1,0,126250,336,178,67.768
rsu,15,tx,-1,0,126442,336,178,67.9084
node,255,tx,-1,10,126674,336,178,68.1167
rsu,10,tx,-1,0,126859,336,178,68.1818
node,513,tx,-1,12,127122,336,178,68.342
node,675,tx,-1,3,127300,336,178,68.4303
node,537,tx,-1,8,127524,336,178,68.5476
rsu,15,tx,-1,0,127697,336,178,68.9084
node,147,tx,-1,12,127924,336,178,69.0734
rsu,10,tx,-1,0,128105,336,178,69.1818
node,651,tx,-1,11,128361,336,178,69.4614
node,279,tx,-1,2,128515,336,178,69.7433
node,561,tx,-1,10,128704,336,178,69.8184
node,399,tx,-1,10,128886,336,178,69.835
rsu,15,tx,-1,0,129073,336,178,69.9084
node,603,tx,-1,0,129301,336,178,69.9092
rsu,10,rx,-1,0,129301,336,178,69.9093
node,39,tx,-1,12,129478,336,178,69.9317
node,789,tx,-1,8,129675,336,178,70.0468
node,81,tx,-1,8,129853,336,178,70.0575
node,231,tx,-1,4,130034,336,178,70.1542
rsu,10,tx,-1,0,130207,336,178,70.1818
node,621,tx,-1,12,130466,336,178,70.2041
node,645,tx,-1,11,130661,336,178,70.4809
node,555,tx,-1,3,130842,336,178,70.5168
rsu,15,rx,-1,0,130842,336,178,70.5169
node,75,tx,-1,0,131081,336,178,70.5906
rsu,15,rx,-1,0,131081,336,178,70.5907
node,477,tx,-1,11,131260,336,178,70.6383
rsu,15,tx,-1,0,131437,336,178,70.9084
node,141,tx,-1,5,131667,336,178,70.9561
node,423,tx,-1,10,131835,336,178,71.0346
rsu,10,rx,-1,0,131835,336,178,71.0347
node,549,tx,-1,8,132077,336,178,71.1263
rsu,10,tx,-1,0,132248,336,178,71.1818
node,615,tx,-1,11,132497,336,178,71.3187
rsu,15,rx,-1,0,132497,336,178,71.3188
node,687,tx,-1,7,132663,336,178,71.4526
rsu,15,rx,-1,0,132663,336,178,71.4527
node,273,tx,-1,11,132858,336,178,71.5057
rsu,10,rx,-1,0,132858,336,178,71.5058
node,225,tx,-1,7,133053,336,178,71.5376
node,87,tx,-1,0,133244,336,178,71.8361
rsu,10,rx,-1,0,133244,336,178,71.8362
rsu,15,tx,-1,0,133425,336,178,71.9084
node,573,tx,-1,12,133647,336,178,71.9455
node,693,tx,-1,11,133828,336,178,72.0843
rsu,10,rx,-1,0,133828,336,178,72.0845
rsu,10,tx,-1,0,134043,336,178,72.1818
node,213,tx,-1,12,134296,336,178,72.3678
rsu,15,rx,-1,0,134296,336,178,72.3679
node,465,tx,-1,11,134525,336,178,72.5672
rsu,15,tx,-1,0,134707,336,178,72.9084
rsu,10,tx,-1,0,134934,336,178,73.1818
node,777,tx,-1,12,135185,336,178,73.1934
node,447,tx,-1,0,135365,336,178,73.195
rsu,10,rx,-1,0,135365,336,178,73.1951
node,309,tx,-1,10,135541,336,178,73.6251
node,153,tx,-1,0,135742,336,178,73.827
node,417,tx,-1,12,135959,336,178,73.9062
rsu,15,tx,-1,0,136120,336,178,73.9084
node,393,tx,-1,12,136344,336,178,73.9602
rsu,10,tx,-1,0,136498,336,178,74.1818
rsu,15,tx,-1,0,136746,336,178,74.9084
node,669,tx,-1,11,136972,336,178,75.0135
rsu,10,rx,-1,0,136972,336,178,75.0136
node,795,tx,-1,10,137165,336,178,75.0548
node,315,tx,-1,0,137339,336,178,75.1742
rsu,15,rx,-1,0,137339,336,178,75.1743
rsu,10,tx,-1,0,137546,336,178,75.1818
node,183,tx,-1,11,137787,336,178,75.2783
node,291,tx,-1,12,138039,336,178,75.5576
node,159,tx,-1,11,138205,336,178,75.8874
rsu,15,tx,-1,0,138395,336,178,75.9084
node,111,tx,-1,12,138617,336,178,75.9909
node,501,tx,-1,0,138811,336,178,76.1034
rsu,10,rx,-1,0,138811,336,178,76.1036
rsu,10,tx,-1,0,139013,336,178,76.1818
node,567,tx,-1,6,139259,336,178,76.23
node,735,tx,-1,12,139402,336,178,76.2632
node,177,tx,-1,10,139568,336,178,76.3839
node,483,tx,-1,0,139759,336,178,76.4202
node,663,tx,-1,11,139981,336,178,76.7987
node,495,tx,-1,11,140164,336,178,76.8527
node,345,tx,-1,12,140317,336,178,76.8934
rsu,15,tx,-1,0,140460,336,178,76.9084
node,405,tx,-1,12,140684,336,178,76.9162
node,369,tx,-1,10,140843,336,178,76.9212
node,105,tx,-1,0,141029,336,178,77.0398
rsu,15,rx,-1,0,141029,336,178,77.0399
node,249,tx,-1,7,141269,336,178,77.094
rsu,15,rx,-1,0,141269,336,178,77.0941
rsu,10,tx,-1,0,141533,336,178,77.1818
node,723,tx,-1,12,141780,336,178,77.4485
rsu,15,tx,-1,0,141956,336,178,77.9084
node,21,tx,-1,0,142177,336,178,78.0742
rsu,10,tx,-1,0,142370,336,178,78.1818
node,579,tx,-1,12,142617,336,178,78.1935
node,243,tx,-1,11,142789,336,178,78.2323
node,321,tx,-1,10,142996,336,178,78.3252
rsu,15,rx,-1,0,142996,336,178,78.3253
node,351,tx,-1,12,143165,336,178,78.5346
node,33,tx,-1,10,143351,336,178,78.8297
rsu,15,tx,-1,0,143546,336,178,78.9084
node,219,tx,-1,12,143765,336,178,78.9642
node,471,tx,-1,10,143911,336,178,79.0129
rsu,10,tx,-1,0,144060,336,178,79.1818
node,771,tx,-1,11,144297,336,178,79.4033
rsu,10,rx,-1,0,144297,336,178,79.4034
node,45,tx,-1,7,144500,336,178,79.6643
node,519,tx,-1,0,144699,336,178,79.8469
rsu,15,tx,-1,0,144853,336,178,79.9084
node,27,tx,-1,11,145071,336,178,80.0716
node,303,tx,-1,1,145213,336,178,80.0841
node,267,tx,-1,12,145366,336,178,80.1023
rsu,15,rx,-1,0,145366,336,178,80.1024
rsu,10,tx,-1,0,145564,336,178,80.1818
node,93,tx,-1,5,145798,336,178,80.1961
rsu,15,tx,-1,0,146015,336,178,80.9084
node,831,tx,-1,8,146233,336,178,80.94
rsu,10,rx,-1,0,146233,336,178,80.9401
node,783,tx,-1,12,146410,336,178,80.9424
rsu,10,tx,-1,0,146600,336,178,81.1818
node,807,tx,-1,12,146841,336,178,81.4663
node,381,tx,-1,11,147015,336,178,81.5006
node,171,tx,-1,6,147167,336,178,81.6139
rsu,15,tx,-1,0,147360,336,178,81.9084
node,759,tx,-1,10,147577,336,178,81.9841
node,51,tx,-1,11,147731,336,178,81.9897
rsu,15,rx,-1,0,147731,336,178,81.9898
rsu,10,tx,-1,0,147904,336,178,82.1818
node,711,tx,-1,2,148145,336,178,82.5193
node,585,tx,-1,2,148291,336,178,82.7326
rsu,15,tx,-1,0,148520,336,178,82.9084
rsu,10,tx,-1,0,148736,336,178,83.1818
node,207,tx,-1,12,148978,336,178,83.3314
node,99,tx,-1,11,149160,336,178,83.4448
rsu,15,tx,-1,0,149341,336,178,83.9084
node,591,tx,-1,12,149561,336,178,83.941
rsu,10,tx,-1,0,149739,336,178,84.1818
node,633,tx,-1,12,149978,336,178,84.312
node,765,tx,-1,12,150127,336,178,84.7926
node,195,tx,-1,12,150302,336,178,84.8766
rsu,15,tx,-1,0,150447,336,178,84.9084
node,453,tx,-1,0,150660,336,178,84.9282
rsu,15,rx,-1,0,150660,336,178,84.9283
rsu,10,tx,-1,0,150868,336,178,85.1818
node,261,tx,-1,11,151107,336,178,85.2181
node,189,tx,-1,10,151296,336,178,85.6633
rsu,15,tx,-1,0,151482,336,178,85.9084
node,237,tx,-1,11,151690,336,178,86.0137
rsu,10,tx,-1,0,151860,336,178,86.1818
node,657,tx,-1,10,152107,336,178,86.1923
rsu,15,rx,-1,0,152107,336,178,86.1924
node,729,tx,-1,10,152267,336,178,86.3151
rsu,10,rx,-1,0,152267,336,178,86.3153
rsu,15,tx,-1,0,152465,336,178,86.9084
rsu,10,tx,-1,0,152683,336,178,87.1818
node,801,tx,-1,4,152938,336,178,87.2607
rsu,15,rx,-1,0,152938,336,178,87.2608
node,375,tx,-1,11,153208,336,178,87.4207
node,357,tx,-1,10,153393,336,178,87.452
node,825,tx,-1,2,153564,336,178,87.7133
node,201,tx,-1,4,153720,336,178,87.8252
node,429,tx,-1,6,153868,336,178,87.8514
rsu,15,tx,-1,0,154057,336,178,87.9084
node,681,tx,-1,0,154276,336,178,87.9673
rsu,10,tx,-1,0,154506,336,178,88.1818
node,705,tx,-1,0,154760,336,178,88.4947
node,753,tx,-1,5,154909,336,178,88.7578
rsu,15,tx,-1,0,155112,336,178,88.9084
node,441,tx,-1,0,155332,336,178,89.1391
rsu,15,rx,-1,0,155332,336,178,89.1392
node,57,tx,-1,7,155553,336,178,89.1624
rsu,10,tx,-1,0,155701,336,178,89.1818
node,63,tx,-1,10,155962,336,178,89.4837
rsu,10,rx,-1,0,155962,336,178,89.4838
node,363,tx,-1,11,156188,336,178,89.5619
rsu,15,tx,-1,0,156371,336,178,89.9084
rsu,10,tx,-1,0,156591,336,178,90.1818
node,411,tx,-1,7,156859,336,178,90.4732
rsu,15,tx,-1,0,157057,336,178,90.9084
node,435,tx,-1,10,157279,336,178,90.9689
rsu,10,tx,-1,0,157488,336,178,91.1818
node,387,tx,-1,7,157756,336,178,91.2314
node,609,tx,-1,0,157989,336,178,91.6043
node,543,tx,-1,10,158159,336,178,91.6593
node,699,tx,-1,11,158355,336,178,91.7538
rsu,15,tx,-1,0,158524,336,178,91.9084
rsu,10,tx,-1,0,158742,336,178,92.1818
node,531,tx,-1,8,159002,336,178,92.4261
node,135,tx,-1,12,159139,336,178,92.6632
rsu,15,rx,-1,0,159139,336,178,92.6633
rsu,15,tx,-1,0,159300,336,178,92.9084
rsu,10,tx,-1,0,159519,336,178,93.1818
node,285,tx,-1,10,159785,336,178,93.5889
rsu,15,tx,-1,0,159928,336,178,93.9084
rsu,10,tx,-1,0,160146,336,178,94.1818
node,459,tx,-1,5,160416,336,178,94.8587
rsu,15,rx,-1,0,160416,336,178,94.8588
rsu,15,tx,-1,0,160627,336,178,94.9084
rsu,10,tx,-1,0,160840,336,178,95.1818
node,813,tx,-1,10,161109,336,178,95.7959
rsu,15,tx,-1,0,161295,336,178,95.9084
rsu,10,tx,-1,0,161511,336,178,96.1818
node,525,tx,-1,1,161773,336,178,96.3495
node,327,tx,-1,0,161913,336,178,96.4096
node,69,tx,-1,10,162065,336,178,96.7028
rsu,10,rx,-1,0,162065,336,178,96.703
node,717,tx,-1,0,162281,336,178,96.8367
rsu,10,rx,-1,0,162281,336,178,96.8368
node,165,tx,-1,2,162487,336,178,96.8776
rsu,15,tx,-1,0,162702,336,178,96.9084
node,627,tx,-1,6,162917,336,178,96.9625
rsu,10,tx,-1,0,163123,336,178,97.1818
node,129,tx,-1,12,163373,336,178,97.5196
rsu,15,tx,-1,0,163556,336,178,97.9084
node,255,tx,-1,3,163757,336,178,98.1167
rsu,10,tx,-1,0,163941,336,178,98.1818
node,513,tx,-1,5,164191,336,178,98.342
rsu,15,rx,-1,0,164191,336,178,98.3421
node,675,tx,-1,12,164440,336,178,98.4303
node,537,tx,-1,12,164591,336,178,98.5476
rsu,15,tx,-1,0,164777,336,178,98.9084
node,147,tx,-1,4,164987,336,178,99.0734
rsu,15,rx,-1,0,164987,336,178,99.0735
rsu,10,tx,-1,0,165186,336,178,99.1818
node,651,tx,-1,7,165426,336,178,99.4614
node,279,tx,-1,2,165564,336,178,99.7433
node,561,tx,-1,11,165756,336,178,99.8184
node,399,tx,-1,12,165924,336,178,99.835
rsu,15,tx,-1,0,166112,336,178,99.9084
node,603,tx,-1,9,166319,336,178,99.9092
rsu,10,rx,-1,0,166319,336,178,99.9093
node,39,tx,-1,11,166507,336,178,99.9317
