rsu,10,tx,-1,0,30,336,178,0.0416966
rsu,15,tx,-1,0,42,336,178,0.370109
rsu,10,tx,-1,0,1830,336,178,1.0417
rsu,15,tx,-1,0,2128,336,178,1.37011
rsu,10,tx,-1,0,2433,336,178,2.0417
node,291,tx,-1,1,2733,336,178,2.22614
rsu,10,rx,-1,0,2733,336,178,2.22624
rsu,15,tx,-1,0,2913,336,178,2.37011
node,369,tx,-1,2,3178,336,178,2.74472
rsu,10,tx,-1,0,3376,336,178,3.0417
node,273,tx,-1,1,3678,336,178,3.30908
rsu,15,tx,-1,0,3816,336,178,3.37011
rsu,10,tx,-1,0,4097,336,178,4.0417
rsu,15,tx,-1,0,4399,336,178,4.37011
node,201,tx,-1,3,4661,336,178,4.72379
rsu,10,rx,-1,0,4661,336,178,4.72391
node,531,tx,-1,3,4855,336,178,4.75998
rsu,10,rx,-1,0,4855,336,178,4.76009
node,339,tx,-1,4,5045,336,178,4.92595
rsu,10,tx,-1,0,5232,336,178,5.0417
node,309,tx,-1,7,5527,336,178,5.18264
rsu,15,tx,-1,0,5676,336,178,5.37011
node,813,tx,-1,0,5938,336,178,5.72022
node,51,tx,-1,5,6099,336,178,5.90271
rsu,15,rx,-1,0,6099,336,178,5.90282
node,825,tx,-1,0,6335,336,178,6.00309
rsu,10,tx,-1,0,6507,336,178,6.0417
node,417,tx,-1,6,6805,336,178,6.16898
rsu,15,tx,-1,0,6962,336,178,6.37011
rsu,10,tx,-1,0,7236,336,178,7.0417
node,771,tx,-1,6,7539,336,178,7.33808
rsu,10,rx,-1,0,7539,336,178,7.33819
rsu,15,tx,-1,0,7791,336,178,7.37011
rsu,10,tx,-1,0,8043,336,178,8.0417
rsu,15,tx,-1,0,8343,336,178,8.37011
node,117,tx,-1,9,8589,336,178,8.42127
rsu,10,rx,-1,0,8589,336,178,8.42139
rsu,10,tx,-1,0,8829,336,178,9.0417
rsu,15,tx,-1,0,9127,336,178,9.37011
node,231,tx,-1,8,9369,336,178,9.58147
rsu,10,tx,-1,0,9546,336,178,10.0417
rsu,15,tx,-1,0,9833,336,178,10.3701
node,525,tx,-1,0,10070,336,178,10.5046
rsu,10,tx,-1,0,10261,336,178,11.0417
node,741,tx,-1,9,10543,336,178,11.2946
rsu,10,rx,-1,0,10543,336,178,11.2947
rsu,15,tx,-1,0,10767,336,178,11.3701
node,465,tx,-1,8,11000,336,178,11.8493
rsu,10,tx,-1,0,11225,336,178,12.0417
node,315,tx,-1,8,11510,336,178,12.1902
rsu,15,tx,-1,0,11677,336,178,12.3701
node,483,tx,-1,11,11911,336,178,12.8592
rsu,10,tx,-1,0,12085,336,178,13.0417
rsu,15,tx,-1,0,12379,336,178,13.3701
node,801,tx,-1,11,12618,336,178,13.7839
rsu,10,tx,-1,0,12792,336,178,14.0417
rsu,15,tx,-1,0,13085,336,178,14.3701
rsu,10,tx,-1,0,13332,336,178,15.0417
rsu,15,tx,-1,0,13626,336,178,15.3701
node,657,tx,-1,11,14117,336,178,16.0175
rsu,10,tx,-1,0,14315,336,178,16.0417
rsu,15,tx,-1,0,14606,336,178,16.3701
rsu,10,tx,-1,0,14840,336,178,17.0417
rsu,15,tx,-1,0,15123,336,178,17.3701
rsu,10,tx,-1,0,16049,336,178,18.0417
node,129,tx,-1,9,16549,336,178,18.0588
rsu,15,tx,-1,0,19760,336,178,18.3701
node,393,tx,-1,8,19991,336,178,18.4302
node,261,tx,-1,2,20155,336,178,18.813
rsu,10,rx,-1,0,20155,336,178,18.8131
rsu,10,tx,-1,0,20403,336,178,19.0417
rsu,15,tx,-1,0,20679,336,178,19.3701
rsu,10,tx,-1,0,21097,336,178,20.0417
rsu,15,tx,-1,0,32440,336,178,20.3701
node,477,tx,-1,0,32667,336,178,20.3791
rsu,10,rx,-1,0,32667,336,178,20.3792
node,537,tx,-1,10,32903,336,178,20.6834
rsu,10,tx,-1,0,33087,336,178,21.0417
node,69,tx,-1,8,33365,336,178,21.0955
rsu,15,tx,-1,0,33527,336,178,21.3701
node,429,tx,-1,12,33753,336,178,21.5874
node,591,tx,-1,12,33918,336,178,21.6593
rsu,10,rx,-1,0,33918,336,178,21.6594
rsu,10,tx,-1,0,34371,336,178,22.0417
rsu,15,tx,-1,0,46515,336,178,22.3701
node,693,tx,-1,8,47189,336,178,22.3768
node,33,tx,-1,7,48311,336,178,22.5832
node,567,tx,-1,10,48524,336,178,22.9686
node,447,tx,-1,10,48678,336,178,23.0132
rsu,10,rx,-1,0,48678,336,178,23.0133
rsu,10,tx,-1,0,48907,336,178,23.0417
node,723,tx,-1,12,49180,336,178,23.0908
rsu,15,tx,-1,0,49365,336,178,23.3701
node,81,tx,-1,12,49585,336,178,24.0053
rsu,10,tx,-1,0,49770,336,178,24.0417
node,219,tx,-1,11,50033,336,178,24.077
rsu,15,tx,-1,0,53958,336,178,24.3701
rsu,10,tx,-1,0,55089,336,178,25.0417
rsu,15,tx,-1,0,55351,336,178,25.3701
node,249,tx,-1,6,55560,336,178,25.8715
node,321,tx,-1,2,55751,336,178,25.9
rsu,10,tx,-1,0,55897,336,178,26.0417
rsu,15,tx,-1,0,56649,336,178,26.3701
node,507,tx,-1,10,56858,336,178,26.6241
rsu,10,tx,-1,0,57045,336,178,27.0417
node,699,tx,-1,10,57306,336,178,27.2146
rsu,10,rx,-1,0,57306,336,178,27.2147
rsu,15,tx,-1,0,57529,336,178,27.3701
rsu,10,tx,-1,0,57738,336,178,28.0417
rsu,15,tx,-1,0,58008,336,178,28.3701
rsu,10,tx,-1,0,58224,336,178,29.0417
node,759,tx,-1,10,58492,336,178,29.114
rsu,15,tx,-1,0,58706,336,178,29.3701
node,705,tx,-1,2,58921,336,178,29.6431
node,555,tx,-1,10,59093,336,178,29.7631
node,717,tx,-1,11,59298,336,178,29.7724
node,243,tx,-1,8,59466,336,178,30.0384
rsu,15,rx,-1,0,59466,336,178,30.0385
rsu,10,tx,-1,0,59682,336,178,30.0417
rsu,15,tx,-1,0,59952,336,178,30.3701
rsu,10,tx,-1,0,60168,336,178,31.0417
rsu,15,tx,-1,0,60436,336,178,31.3701
rsu,10,tx,-1,0,60655,336,178,32.0417
rsu,15,tx,-1,0,60927,336,178,32.3701
node,669,tx,-1,0,61146,336,178,32.3807
rsu,10,rx,-1,0,61146,336,178,32.3808
node,93,tx,-1,8,61314,336,178,32.6629
rsu,15,rx,-1,0,61314,336,178,32.663
node,663,tx,-1,11,61504,336,178,33.0035
rsu,10,tx,-1,0,61662,336,178,33.0417
node,57,tx,-1,3,61927,336,178,33.1386
node,675,tx,-1,12,62112,336,178,33.1591
rsu,15,tx,-1,0,62294,336,178,33.3701
rsu,10,tx,-1,0,62510,336,178,34.0417
rsu,15,tx,-1,0,62772,336,178,34.3701
node,777,tx,-1,10,62989,336,178,34.9117
rsu,10,tx,-1,0,63171,336,178,35.0417
node,381,tx,-1,8,63440,336,178,35.3247
rsu,15,tx,-1,0,63608,336,178,35.3701
node,177,tx,-1,12,63824,336,178,35.6936
node,603,tx,-1,11,64085,336,178,35.7624
rsu,10,rx,-1,0,64085,336,178,35.7626
rsu,10,tx,-1,0,64308,336,178,36.0417
rsu,15,tx,-1,0,64576,336,178,36.3701
node,711,tx,-1,1,64791,336,178,36.5565
node,141,tx,-1,11,64986,336,178,36.6151
rsu,10,tx,-1,0,65151,336,178,37.0417
node,333,tx,-1,12,65415,336,178,37.0674
rsu,15,tx,-1,0,65613,336,178,37.3701
node,105,tx,-1,11,65835,336,178,37.5497
rsu,10,tx,-1,0,66014,336,178,38.0417
rsu,15,tx,-1,0,66278,336,178,38.3701
node,459,tx,-1,7,66498,336,178,38.9333
rsu,10,tx,-1,0,66702,336,178,39.0417
rsu,15,tx,-1,0,66972,336,178,39.3701
node,765,tx,-1,4,67208,336,178,39.748
rsu,10,tx,-1,0,67378,336,178,40.0417
rsu,15,tx,-1,0,67647,336,178,40.3701
node,27,tx,-1,11,67884,336,178,40.4327
rsu,10,tx,-1,0,68033,336,178,41.0417
rsu,15,tx,-1,0,68307,336,178,41.3701
rsu,10,tx,-1,0,68551,336,178,42.0417
rsu,15,tx,-1,0,68828,336,178,42.3701
node,519,tx,-1,5,69078,336,178,42.621
rsu,10,tx,-1,0,69237,336,178,43.0417
rsu,15,tx,-1,0,69514,336,178,43.3701
rsu,10,tx,-1,0,69757,336,178,44.0417
node,207,tx,-1,12,70035,336,178,44.3662
rsu,15,rx,-1,0,70035,336,178,44.3663
rsu,15,tx,-1,0,70205,336,178,44.3701
node,345,tx,-1,7,70447,336,178,44.5153
node,441,tx,-1,7,70646,336,178,44.622
rsu,15,rx,-1,0,70646,336,178,44.6222
rsu,10,tx,-1,0,70868,336,178,45.0417
rsu,15,tx,-1,0,71152,336,178,45.3701
node,795,tx,-1,5,71396,336,178,45.6131
rsu,10,tx,-1,0,71636,336,178,46.0417
rsu,15,tx,-1,0,71908,336,178,46.3701
rsu,10,tx,-1,0,72138,336,178,47.0417
rsu,15,tx,-1,0,72407,336,178,47.3701
rsu,10,tx,-1,0,72638,336,178,48.0417
node,495,tx,-1,12,72900,336,178,48.2622
rsu,15,tx,-1,0,73056,336,178,48.3701
node,21,tx,-1,8,73291,336,178,48.7357
rsu,10,tx,-1,0,73475,336,178,49.0417
rsu,15,tx,-1,0,73737,336,178,49.3701
node,63,tx,-1,0,73968,336,178,49.6843
rsu,10,tx,-1,0,74140,336,178,50.0417
rsu,15,tx,-1,0,74393,336,178,50.3701
rsu,10,tx,-1,0,74620,336,178,51.0417
rsu,15,tx,-1,0,74867,336,178,51.3701
node,549,tx,-1,11,75088,336,178,51.5366
rsu,10,tx,-1,0,75294,336,178,52.0417
node,579,tx,-1,12,75532,336,178,52.1103
node,687,tx,-1,11,75737,336,178,52.344
rsu,15,tx,-1,0,75897,336,178,52.3701
node,609,tx,-1,12,76112,336,178,52.6259
node,303,tx,-1,8,76329,336,178,52.7252
rsu,10,tx,-1,0,76476,336,178,53.0417
rsu,15,tx,-1,0,76714,336,178,53.3701
node,189,tx,-1,10,76926,336,178,53.8603
rsu,10,tx,-1,0,77110,336,178,54.0417
rsu,15,tx,-1,0,77349,336,178,54.3701
node,681,tx,-1,11,77566,336,178,54.8949
rsu,10,tx,-1,0,77780,336,178,55.0417
rsu,15,tx,-1,0,78022,336,178,55.3701
node,267,tx,-1,2,78239,336,178,55.7197
rsu,10,tx,-1,0,78474,336,178,56.0417
node,135,tx,-1,10,78713,336,178,56.2428
node,147,tx,-1,7,78899,336,178,56.3522
rsu,15,tx,-1,0,79086,336,178,56.3701
node,363,tx,-1,11,79294,336,178,56.4609
node,159,tx,-1,11,79512,336,178,56.6569
rsu,10,tx,-1,0,79707,336,178,57.0417
rsu,15,tx,-1,0,79946,336,178,57.3701
rsu,10,tx,-1,0,80158,336,178,58.0417
node,615,tx,-1,12,80400,336,178,58.1347
rsu,15,rx,-1,0,80400,336,178,58.1348
rsu,15,tx,-1,0,80564,336,178,58.3701
node,837,tx,-1,8,80778,336,178,58.975
rsu,15,rx,-1,0,80778,336,178,58.9751
rsu,10,tx,-1,0,80979,336,178,59.0417
node,195,tx,-1,10,81228,336,178,59.3403
rsu,15,tx,-1,0,81376,336,178,59.3701
rsu,10,tx,-1,0,81591,336,178,60.0417
rsu,15,tx,-1,0,81835,336,178,60.3701
node,213,tx,-1,11,82049,336,178,60.4009
rsu,10,tx,-1,0,82195,336,178,61.0417
node,375,tx,-1,12,82439,336,178,61.3084
node,453,tx,-1,12,82686,336,178,61.3261
rsu,10,rx,-1,0,82686,336,178,61.3262
node,153,tx,-1,0,82887,336,178,61.3591
rsu,15,tx,-1,0,83099,336,178,61.3701
node,285,tx,-1,1,83309,336,178,61.9027
rsu,10,tx,-1,0,83469,336,178,62.0417
node,45,tx,-1,12,83711,336,178,62.0654
rsu,15,tx,-1,0,83897,336,178,62.3701
node,171,tx,-1,3,84106,336,178,62.4907
node,597,tx,-1,8,84352,336,178,62.4968
rsu,15,rx,-1,0,84352,336,178,62.4969
rsu,10,tx,-1,0,84557,336,178,63.0417
rsu,15,tx,-1,0,84799,336,178,63.3701
node,831,tx,-1,10,85005,336,178,63.748
rsu,10,tx,-1,0,85179,336,178,64.0417
rsu,15,tx,-1,0,85417,336,178,64.3701
node,225,tx,-1,10,85626,336,178,64.9405
rsu,10,tx,-1,0,85835,336,178,65.0417
rsu,15,tx,-1,0,86073,336,178,65.3701
node,75,tx,-1,0,86284,336,178,65.5548
rsu,15,rx,-1,0,86284,336,178,65.5549
node,87,tx,-1,0,86457,336,178,65.8088
rsu,10,rx,-1,0,86457,336,178,65.8089
rsu,10,tx,-1,0,86625,336,178,66.0417
node,585,tx,-1,7,86872,336,178,66.1966
node,639,tx,-1,12,87124,336,178,66.2811
rsu,15,tx,-1,0,87327,336,178,66.3701
rsu,10,tx,-1,0,87538,336,178,67.0417
rsu,15,tx,-1,0,87790,336,178,67.3701
node,645,tx,-1,1,87998,336,178,67.3824
rsu,10,tx,-1,0,88217,336,178,68.0417
node,99,tx,-1,9,88464,336,178,68.0838
rsu,15,tx,-1,0,88669,336,178,68.3701
node,627,tx,-1,12,88882,336,178,68.9402
rsu,10,tx,-1,0,89075,336,178,69.0417
rsu,15,tx,-1,0,89321,336,178,69.3701
node,783,tx,-1,12,89541,336,178,69.3937
node,753,tx,-1,11,89739,336,178,69.5141
rsu,10,tx,-1,0,89914,336,178,70.0417
node,633,tx,-1,10,90148,336,178,70.0663
rsu,15,tx,-1,0,90301,336,178,70.3701
rsu,10,tx,-1,0,90522,336,178,71.0417
rsu,15,tx,-1,0,90755,336,178,71.3701
node,351,tx,-1,10,90979,336,178,71.5748
node,561,tx,-1,11,91159,336,178,71.7065
node,279,tx,-1,4,91343,336,178,71.7405
rsu,10,tx,-1,0,91527,336,178,72.0417
node,405,tx,-1,10,91764,336,178,72.1104
node,807,tx,-1,11,91934,336,178,72.1823
rsu,15,tx,-1,0,92094,336,178,72.3701
node,501,tx,-1,10,92318,336,178,72.3924
rsu,10,rx,-1,0,92318,336,178,72.3925
rsu,10,tx,-1,0,92520,336,178,73.0417
rsu,15,tx,-1,0,92761,336,178,73.3701
rsu,10,tx,-1,0,92993,336,178,74.0417
rsu,15,tx,-1,0,93235,336,178,74.3701
node,327,tx,-1,9,93462,336,178,74.6848
rsu,10,tx,-1,0,93620,336,178,75.0417
rsu,15,tx,-1,0,93868,336,178,75.3701
rsu,10,tx,-1,0,94092,336,178,76.0417
rsu,15,tx,-1,0,94330,336,178,76.3701
node,543,tx,-1,2,94549,336,178,76.907
node,435,tx,-1,6,94756,336,178,77.021
rsu,10,rx,-1,0,94756,336,178,77.0211
rsu,10,tx,-1,0,95000,336,178,77.0417
rsu,15,tx,-1,0,95235,336,178,77.3701
node,255,tx,-1,10,95454,336,178,77.5805
node,471,tx,-1,11,95597,336,178,77.6706
rsu,10,tx,-1,0,95788,336,178,78.0417
rsu,15,tx,-1,0,96032,336,178,78.3701
node,237,tx,-1,12,96257,336,178,78.6727
rsu,10,tx,-1,0,96442,336,178,79.0417
node,651,tx,-1,11,96679,336,178,79.1013
rsu,15,tx,-1,0,96834,336,178,79.3701
rsu,10,tx,-1,0,97056,336,178,80.0417
rsu,15,tx,-1,0,97298,336,178,80.3701
node,411,tx,-1,0,97517,336,178,80.4542
rsu,10,rx,-1,0,97517,336,178,80.4543
rsu,10,tx,-1,0,97755,336,178,81.0417
rsu,15,tx,-1,0,97993,336,178,81.3701
node,621,tx,-1,12,98222,336,178,81.5542
rsu,10,tx,-1,0,98414,336,178,82.0417
rsu,15,tx,-1,0,98652,336,178,82.3701
node,819,tx,-1,1,98879,336,178,82.8461
node,735,tx,-1,12,99026,336,178,82.9642
rsu,10,tx,-1,0,99194,336,178,83.0417
rsu,15,tx,-1,0,99439,336,178,83.3701
node,729,tx,-1,0,99669,336,178,83.5826
rsu,10,tx,-1,0,99814,336,178,84.0417
node,573,tx,-1,0,100063,336,178,84.1392
node,513,tx,-1,12,100251,336,178,84.1616
node,183,tx,-1,11,100444,336,178,84.2314
rsu,15,tx,-1,0,100643,336,178,84.3701
node,111,tx,-1,0,100873,336,178,84.4525
rsu,10,tx,-1,0,101051,336,178,85.0417
node,387,tx,-1,11,101303,336,178,85.0763
rsu,15,tx,-1,0,101489,336,178,85.3701
rsu,10,tx,-1,0,101718,336,178,86.0417
node,165,tx,-1,0,101974,336,178,86.1629
rsu,15,tx,-1,0,102197,336,178,86.3701
node,399,tx,-1,8,102422,336,178,86.6349
rsu,10,rx,-1,0,102422,336,178,86.635
rsu,10,tx,-1,0,102670,336,178,87.0417
rsu,15,tx,-1,0,102932,336,178,87.3701
node,789,tx,-1,9,103159,336,178,87.7987
rsu,10,tx,-1,0,103322,336,178,88.0417
rsu,15,tx,-1,0,103581,336,178,88.3701
rsu,10,tx,-1,0,103809,336,178,89.0417
node,357,tx,-1,10,104068,336,178,89.0842
rsu,15,tx,-1,0,104237,336,178,89.3701
rsu,10,tx,-1,0,104459,336,178,90.0417
node,39,tx,-1,0,104722,336,178,90.1202
rsu,15,tx,-1,0,104915,336,178,90.3701
rsu,10,tx,-1,0,105140,336,178,91.0417
rsu,15,tx,-1,0,105403,336,178,91.3701
rsu,10,tx,-1,0,105627,336,178,92.0417
node,291,tx,-1,11,105876,336,178,92.2261
rsu,15,tx,-1,0,106042,336,178,92.3701
node,369,tx,-1,9,106251,336,178,92.7447
rsu,10,tx,-1,0,106432,336,178,93.0417
node,273,tx,-1,3,106680,336,178,93.3091
rsu,10,rx,-1,0,106680,336,178,93.3092
rsu,15,tx,-1,0,106878,336,178,93.3701
rsu,10,tx,-1,0,107087,336,178,94.0417
rsu,15,tx,-1,0,107332,336,178,94.3701
node,201,tx,-1,10,107535,336,178,94.7238
rsu,10,rx,-1,0,107535,336,178,94.7239
node,531,tx,-1,7,107723,336,178,94.76
rsu,10,tx,-1,0,107856,336,178,95.0417
node,309,tx,-1,3,108097,336,178,95.1826
rsu,15,tx,-1,0,108273,336,178,95.3701
node,51,tx,-1,6,108471,336,178,95.9027
rsu,15,rx,-1,0,108471,336,178,95.9028
node,825,tx,-1,5,108638,336,178,96.0031
rsu,10,tx,-1,0,108824,336,178,96.0417
node,417,tx,-1,7,109058,336,178,96.169
rsu,15,tx,-1,0,109185,336,178,96.3701
rsu,10,tx,-1,0,109382,336,178,97.0417
node,771,tx,-1,12,109617,336,178,97.3381
rsu,15,tx,-1,0,109768,336,178,97.3701
rsu,10,tx,-1,0,109964,336,178,98.0417
rsu,15,tx,-1,0,110199,336,178,98.3701
rsu,10,tx,-1,0,110395,336,178,99.0417
rsu,15,tx,-1,0,110626,336,178,99.3701
node,231,tx,-1,12,110830,336,178,99.5815
rsu,10,rx,-1,0,110830,336,178,99.5816
